2866
3041
5125
4317
4957
7620
4815
6947
6488
1299
7790
3806
4301
699
1238
5348
4415
2555
2430
2100
2312
2449
7592
4363
5254
1242
6515
6979
1909
7814
539
5043
5182
3196
4449
2309
4113
440
6716
785
2352
3142
4623
6280
5445
1035
2298
5770
5361
7583
2827
5046
2083
4773
6647
1053
5227
4494
5050
1127
435
3066
6943
5273
3391
6136
1075
4417
4347
4924
3657
110
2870
4838
5331
6559
1787
3322
4532
3165
2151
2089
258
460
3143
924
5618
3834
1881
4403
7474
172
2983
1362
2984
5694
2911
1088
6177
7511
2751
4778
6560
1920
744
5974
5648
3089
6724
1209
7340
76
1900
6480
958
5103
7383
3524
5095
4031
3622
2459
3975
4354
7054
3602
4365
6605
6811
7469
5165
1090
404
2117
555
2203
7679
5163
6205
91
3144
382
866
4698
3542
6840
7587
3127
6676
3949
6822
5973
2496
982
2876
120
5029
6359
1947
1509
1800
3234
2819
47
2442
6473
2252
4721
433
2213
7360
2848
2222
3241
6485
2540
7467
2361
4692
7558
2122
115
5412
7629
4455
2147
981
655
6573
3887
3600
6050
4050
3792
2119
4714
1884
5057
5189
926
807
1095
7378
2533
5225
3235
1116
3817
5039
7119
2907
2154
7419
2107
7464
5835
5144
7101
560
6551
3742
3642
5540
4543
6272
4608
1986
6289
2898
1139
689
4779
6793
5521
942
359
906
6080
3941
267
5128
5528
5566
6121
5420
1315
6209
2056
2237
2587
1975
2837
5745
1670
1281
7598
1869
679
7052
1588
4443
3872
3361
5450
5077
7502
3500
4820
577
137
7690
1911
5443
3043
923
4445
3335
7444
7424
5867
7611
3387
5512
2536
302
4810
1130
627
7621
7471
308
429
1085
979
1596
6032
4771
4834
4850
595
292
3383
5662
753
3463
2519
7508
3525
2414
5534
5253
1256
3106
3418
2340
230
7742
3046
2550
7612
5098
1449
7544
5055
1485
2962
2247
3894
4160
6006
2392
6767
6511
3078
2048
4806
4904
6281
7445
89
5727
5911
6439
7057
7518
5356
3045
2068
1775
6939
6039
3442
1226
3473
3345
352
7732
5283
6532
103
5815
4659
108
6621
2625
2938
2300
4462
7092
2619
3781
2440
952
7147
5101
358
4710
6510
5370
2659
2167
6516
141
4013
2448
3236
6457
3620
171
5219
1678
6800
436
6094
4900
4123
2649
7179
2456
1782
3745
1243
2851
1450
1811
7044
1860
6930
3662
1943
1692
4516
890
420
4929
3158
538
5606
423
1834
7453
2289
6916
5613
7248
4740
6448
4069
542
1705
2563
1995
485
2909
4574
4905
3927
6421
1766
7730
5115
4107
521
884
4015
4478
5950
1313
6651
1208
3977
7020
4994
781
7573
4998
2516
126
2863
6595
3694
5781
7167
7045
2301
6562
911
2362
7313
4143
2005
3450
5545
1203
6690
4517
7706
2384
2041
5592
6413
6799
2002
4384
4333
1769
2987
5422
5860
5015
1309
5272
1215
5674
2944
4588
6994
3406
1154
2223
2190
6284
2671
2334
834
7668
3787
4076
7116
7282
4549
79
3339
6262
5778
4377
7063
1103
6235
2383
65
4187
1584
5523
4304
7056
1262
5780
377
6063
3350
419
5281
2332
7178
5178
5546
6981
6182
1610
530
543
2916
3476
2791
7530
2747
3860
3154
7689
4279
5876
4664
3058
3034
6771
6443
4018
4221
114
7127
4647
4055
2472
2045
827
6165
5030
2637
880
2444
6435
1619
3683
6662
6988
2678
1681
3884
1078
1641
1249
4754
4885
1570
4139
1170
5410
2941
2721
3471
7164
3557
7082
1257
1135
5426
6681
6202
2367
55
2597
3755
748
790
956
1907
3859
3644
864
3761
614
4921
1422
7482
5369
1123
7110
2568
348
2007
1302
1793
3991
6074
2112
6572
6879
1612
7729
993
2035
3970
7131
353
1960
7081
983
4196
4512
354
7797
2887
3082
5025
5474
2529
4487
5798
3064
3638
856
4294
6569
4628
2226
6494
4352
2755
29
1751
2022
7753
5407
4416
3603
4136
3357
6123
245
2344
2946
3464
2199
5235
156
6308
6721
6597
556
3346
3856
4636
6367
3619
1051
3288
4037
1191
6580
1745
223
3184
5803
7107
1895
5502
668
3405
6151
1808
6487
4414
1338
1296
6890
1084
3207
4766
1531
5639
1817
3376
4620
5542
3057
2353
5234
3692
356
6667
5290
5363
5580
3811
826
1303
7067
615
1530
7361
4529
1704
3198
7402
3674
5996
1134
909
1774
2780
7153
5419
5768
1254
4731
2305
1003
2658
4439
4410
2280
4649
1740
6678
1707
2784
6042
6712
5405
7751
4200
6888
5571
6659
5814
598
7601
6263
7405
3398
3516
4270
4942
1576
3171
1409
2621
4895
2209
3563
6376
7459
4207
4564
3372
36
6663
2207
6453
6071
1706
5333
1801
7169
4371
4130
7462
7416
1882
604
2724
313
1077
2330
7595
3932
2743
1102
5439
3194
2182
1660
1831
2093
2818
5249
3992
2702
4473
765
5787
6258
6019
2063
4807
4848
1932
5380
1878
654
4495
676
3141
5423
1866
481
7757
5899
6642
1081
5404
2310
2835
4518
6150
58
5033
7013
819
3924
3901
4993
1261
2015
1935
2878
6769
1403
4874
1173
948
2834
2663
6852
2299
6795
7223
4359
3633
2494
2638
6334
6400
4693
4150
3472
2229
7400
415
1946
2132
6241
2583
6398
6030
1525
2487
5947
1361
3958
1966
2728
3080
1676
4510
5081
775
6442
1392
4161
2612
6812
1298
6781
434
187
5557
1402
1161
4595
5808
1697
1910
413
2279
2214
3002
4219
6175
815
1375
4180
331
4461
1149
6705
2634
1451
3998
5805
2436
2242
4299
2700
7393
2673
5153
5991
5176
7249
536
2421
498
1329
4320
2450
496
5409
5387
4744
7207
4194
1557
6617
1567
1562
693
6965
6108
4972
1097
6827
2841
6838
1250
7572
1897
634
93
3185
6902
4797
5776
3670
904
2707
181
6903
6107
5859
808
6103
5767
1772
919
7516
648
2830
985
4122
6337
5034
7649
3519
389
1519
7265
5017
4281
3069
4537
1836
1395
2922
6803
1481
7643
1649
5520
3785
5599
7104
4492
7622
4660
6315
7627
2234
823
6481
5987
1967
4547
1605
2311
5416
128
3062
1768
3099
1702
3832
2935
3073
7745
1278
1413
2672
1052
6148
3791
3135
7144
3094
3377
400
4322
1647
4722
4733
1288
1723
4066
3490
4158
4971
4212
6339
642
576
3478
2919
4568
1892
7496
3818
5785
6964
762
6393
6722
2913
3282
4950
7177
2397
851
7490
2992
1096
2510
7227
5500
1109
601
2961
22
4380
3612
1031
1259
189
1475
5433
5678
1389
4224
6355
7570
5838
7141
640
4585
4459
5346
4097
5934
7409
1099
3942
6306
6438
3687
5173
1429
2964
1810
4442
1813
1643
5883
7584
1042
3909
7585
3457
6422
6898
3423
2503
4908
7431
5229
466
2335
2890
7412
4248
7492
3604
2731
3702
1363
7365
3140
6352
2066
1923
6746
4552
2478
6184
2406
2183
4847
6893
5827
7768
6332
4977
2375
6445
3882
2350
6720
2993
7111
488
4430
7561
1924
6976
4557
4521
4812
4296
1074
6679
4001
503
6326
3904
3149
3447
1767
974
2646
3627
6341
2538
7427
6017
4264
4087
4894
4393
6228
6346
705
5339
3900
7094
6925
2822
6033
7380
613
7062
1428
3583
6697
7684
4786
1253
270
5175
3721
5143
7486
1283
2525
205
777
6758
4311
2991
1038
2976
5968
3875
7809
3360
4805
4811
4103
1028
4858
2928
1061
6036
2482
3867
3636
2592
2620
2130
6868
3527
2003
2769
6910
4683
6256
7040
374
1684
7440
7682
6412
5910
6671
2103
5297
5907
1620
3798
332
7315
4217
6790
2864
1786
3483
2253
6742
1193
7006
215
90
6969
894
3086
4131
2855
2256
2212
4282
1979
2608
7743
910
5800
4718
5221
5276
845
709
4190
1489
7525
1105
1679
1765
2026
2565
111
4208
862
969
605
4493
1129
6963
3536
6509
7010
6579
4882
2148
6452
3460
3973
3200
5870
1057
269
5061
5811
2264
4839
7653
7299
6626
7733
7262
2424
5929
3786
2960
7680
5966
5486
6937
2388
4284
7806
4629
5732
2697
5699
4362
7150
6475
2853
283
4645
6404
4662
4644
134
1698
3913
891
10
5844
7565
5035
825
70
1827
7123
934
5816
1294
3441
2101
7614
1862
3248
3659
3784
1342
2900
1348
5702
717
7736
5517
4769
4506
3589
726
2593
341
1695
2844
1354
2943
7535
7411
7491
5201
7724
1899
5005
566
3502
5427
2942
5021
227
5526
2390
7078
4856
5456
5718
4947
357
5009
6196
7509
7499
4592
5825
6501
7792
3482
5905
4550
6802
1728
2698
2076
2824
892
2349
1597
18
2165
5634
3595
442
5887
4274
6577
1364
1549
961
1886
6578
1223
7513
281
7796
2158
1290
6440
6904
4795
5011
5595
4138
2225
4338
3275
6242
3492
6099
6053
2468
3187
1457
805
6707
1020
6565
5977
3183
5373
3427
20
4954
1721
149
6583
587
1146
6402
7600
6474
5984
4500
4293
4753
3112
7377
5965
1908
4233
7723
3455
1427
3639
710
7033
5612
250
6329
1518
1187
6236
3124
2483
3195
1279
7005
3548
5296
6104
2146
758
3136
6152
4526
4183
7503
747
1532
5747
6983
447
844
5611
6144
5354
4887
2194
6892
5190
5749
5690
6920
2590
6615
5080
7137
2522
5355
5949
4891
2600
2189
2717
3505
4822
7291
5766
4940
6120
2558
1346
4655
3843
1010
4024
6075
6344
1792
928
1014
1550
6907
2391
1905
5172
2648
1985
7818
1527
3617
5889
2396
3468
4137
4770
1558
303
870
745
5224
5042
4046
1163
7665
5206
5731
3462
324
2915
719
6048
7633
3320
2038
665
7656
2972
3736
3758
3743
6486
7639
939
1247
5626
3326
734
4090
712
7475
6975
1656
2694
1062
7779
1312
6287
85
5585
7560
789
5574
7004
4432
896
2959
1717
5711
7784
7053
5109
3607
7632
6252
4288
94
4287
2932
3269
3284
4627
444
1115
1174
7172
5640
1305
2626
6416
4844
5198
4883
1462
4147
6794
4889
1229
3451
2629
4663
6853
4855
1959
6176
3380
1668
2438
1819
3857
7060
4658
2113
1491
5288
6373
2201
6756
476
888
5350
3739
1144
6052
5837
7254
264
761
6773
3075
2488
6068
2901
1265
4385
3115
3676
6779
3999
6273
1822
7759
3341
2963
6310
4181
6451
5696
757
5411
6817
8
6951
512
5424
6097
7049
7389
2250
3713
5733
1758
1034
1632
288
2491
2025
5315
6737
7055
3246
4239
4357
1828
4728
6318
4681
5319
6467
2499
3364
1108
13
685
1180
5170
636
6336
3653
5451
1460
6914
1896
6159
265
873
5988
6277
2160
2564
6830
7139
3304
7327
5436
3907
5720
899
236
3134
323
6640
6871
2577
7174
6860
4809
5810
7773
6692
997
387
7672
6166
206
742
4732
3983
3265
5385
3680
2573
4758
4804
2385
3691
3319
287
1780
2714
5647
35
5094
2128
4142
6766
6561
7507
4735
1343
5821
3877
5421
6713
970
5461
2069
7650
1387
3760
3737
3353
2269
6574
3181
4610
6492
122
1841
6077
3008
5856
7571
6711
7117
3268
4749
4276
7046
322
5967
6613
1098
3313
5123
3231
4192
1731
5031
6866
2690
694
1903
3681
4635
5714
7735
778
2947
2811
4178
2142
1683
2756
2561
4978
1997
4897
7330
7720
3705
5105
328
4016
6933
7185
5669
5248
3150
6805
3163
463
254
1459
5228
41
7106
138
4677
2607
5184
3264
7699
3520
2814
7764
3512
6715
4523
2258
3125
5539
296
2055
4257
5754
5862
7332
4690
6178
5513
202
3167
1629
7059
2379
6381
482
5390
1528
5435
7159
3485
7278
6155
830
6251
72
1759
5765
2473
1421
2291
2865
1404
4447
6823
1703
1122
3632
1212
5397
1049
7428
208
5812
3919
4204
2910
6227
6320
5045
645
5948
6658
4452
7750
6266
6218
4919
319
7166
4413
1990
7042
7328
962
4242
6607
4267
4025
3722
5091
5384
1131
2028
56
7021
4918
3928
5880
6850
2058
3955
4005
399
5323
402
3890
349
3837
5576
7578
3254
30
2072
3358
4300
2528
2337
4227
2010
1164
5135
7271
2296
2357
1026
6765
7433
2079
908
6942
2232
165
3295
2435
2872
346
3426
4992
3409
7176
5615
4275
3640
2240
4453
7326
7367
2286
5233
7240
540
2443
106
1716
569
3551
3029
2617
2820
1644
7102
7175
6410
2415
5239
1293
2365
3388
3553
881
7568
7693
6026
5358
5793
6789
2432
6905
1190
6061
4358
179
66
1595
4339
2934
1437
3328
869
3634
7230
4817
5983
7041
5847
2778
7437
716
6538
5129
2346
5632
1962
6536
5187
1569
330
968
6288
5504
6124
5882
5209
5822
7567
1018
6137
1949
764
4959
593
81
4898
7418
4553
6371
1359
5496
68
6084
1844
3651
1158
2364
7616
4685
787
1479
5952
465
77
363
7831
6540
3257
1353
3930
6290
7234
3300
6092
1059
6846
3802
2419
4555
6363
1251
4633
7734
1616
7761
6345
832
6924
6321
7043
959
455
2736
5320
6570
3997
2043
492
2493
4489
900
5779
4105
4250
154
7272
936
6698
6047
147
1157
3202
1080
6238
5151
4705
6465
7825
5677
4272
7243
5547
6254
5637
2333
631
4632
1552
1779
6523
7182
459
4943
1609
682
927
2849
1022
6028
3061
5850
23
2495
684
3431
4479
7812
4206
4133
2345
5481
7421
438
7645
7458
2920
5596
6519
3201
7259
2675
6547
7246
233
2908
6654
1156
4896
4010
3247
788
6854
5653
7447
7603
6566
5704
5374
4964
3261
3831
1515
660
161
188
6009
5927
810
384
5861
2880
4675
2711
4984
3623
3706
5217
2347
3449
6783
2989
5324
3701
5646
1133
802
2492
5708
3724
5813
7606
838
4004
4072
2985
5413
609
4026
5912
14
3031
2794
6477
3969
6935
6971
2768
4611
497
2323
6350
2606
1815
472
6955
3649
4697
610
7017
2341
1560
6216
473
3598
7756
7605
326
5868
4991
1367
5953
4129
5351
4019
5027
1726
3885
5429
5619
5473
5922
580
27
5760
3936
4787
4534
6704
6966
4576
6848
6557
3245
6885
7198
3327
5992
4175
1773
6170
976
3016
298
7324
334
4798
1152
3764
152
3044
6226
7350
6652
6201
6269
3289
5715
7319
7436
7025
4254
1575
6978
5277
2455
7266
5913
7085
1317
7710
2067
139
7051
2317
4188
7035
5341
6950
4070
5498
2434
4730
783
2595
7625
5921
3947
2500
4251
5010
3118
1258
5552
650
1655
4095
686
5193
4605
713
3425
5285
3238
7549
2602
5906
6221
4474
6507
5282
1776
3861
6171
5903
2982
1615
1352
467
3253
218
1708
2091
6875
6243
4736
2874
2895
5074
2904
5782
859
7362
1944
7725
1416
3274
6530
6990
7124
3754
6873
2274
5878
3804
3775
6073
5712
552
2080
4041
6119
643
6656
6058
2287
4340
3413
4789
300
2531
7220
6849
125
3783
1677
6358
4841
217
1267
7783
7310
4337
2807
3573
1186
5344
4566
454
5655
7300
2718
2216
6641
4579
7325
3293
1478
4745
4801
861
7763
5963
4707
6923
2893
6762
7623
4425
5047
2653
7641
5641
1722
4396
5598
7071
4580
7143
5797
1747
1925
964
5008
3944
3515
2534
487
960
1171
2059
4886
3898
736
3067
4622
4169
5682
5147
7785
532
4146
2994
1750
607
720
1538
7307
4678
4079
1983
6056
1206
977
1534
5264
7140
603
2926
6725
6286
392
3647
2537
3101
5018
4871
3402
7129
683
2187
3
2856
1654
1488
6419
7069
33
4522
5959
180
5430
2155
6855
925
2888
7320
252
5368
5472
4428
370
2262
796
4573
5561
3635
5855
6317
7358
4546
3232
4945
2426
3486
1471
4193
5313
1651
7489
3474
3155
7341
7569
1177
853
7696
7545
6894
2858
3170
2685
266
3601
3629
3332
117
7390
1396
4074
814
2684
1794
5303
4435
1690
7714
4760
1936
1393
3679
1516
4222
5090
6328
3558
3865
2923
3017
4127
3334
2307
2257
848
5990
7184
1419
2667
34
3910
7793
3283
3063
4833
2674
816
7233
7228
5590
6390
7138
3071
2873
2120
5292
6066
7476
5741
1
6526
6362
113
5328
5558
6815
1063
722
3744
483
5071
2647
7770
3747
2650
3110
7461
3789
662
6814
5932
2394
4702
5600
998
2868
1184
2023
4763
1887
6040
903
4446
6842
7716
2729
4450
5113
3370
1040
6630
7805
7547
7670
2417
3363
3445
2273
3768
6915
3571
704
135
3905
553
2912
2245
1824
3081
4591
4911
394
2157
3914
5734
5150
5796
97
2514
5316
2799
278
5482
3854
4934
5279
5689
3251
1667
4108
3096
4071
5093
4544
6824
1586
1214
877
1415
4581
5065
2553
2761
5470
7188
3848
5830
2476
913
3712
3615
5560
1340
7755
3290
7538
4263
494
1627
690
5116
5477
4483
6592
1349
4671
2569
2150
3494
4586
207
746
5075
1366
6567
3841
5032
209
6111
1850
7398
1942
4868
5584
5353
133
1548
282
3465
5365
1405
1326
3726
5194
1008
1863
2217
7080
3535
7722
7012
3019
1143
7663
6223
2509
2318
6785
5207
4593
1735
7752
652
2833
1390
6185
5014
7748
6101
3778
759
2542
7660
500
4507
1994
4467
7381
6029
7283
255
2108
1032
4355
7582
3561
4060
1563
616
1930
3015
6164
6631
2636
3876
7824
4966
411
1070
5291
5357
6694
1175
3773
1178
7483
858
1941
3359
7074
391
3397
235
1452
1621
7214
3990
5707
7662
1482
1825
7126
4876
7018
6985
4903
2322
2805
4237
1492
6161
3655
996
2930
3197
7226
268
2070
7550
1167
4860
3963
7142
3169
5040
801
7432
1474
2149
3826
7322
7284
5914
7426
1012
6145
1064
6844
5597
2186
105
2374
4298
2967
1137
930
2411
7636
5834
5060
6723
6174
2598
3263
1476
1322
7369
1582
64
4712
1770
6624
4408
1015
4639
4916
2153
1650
7047
4983
711
1297
6612
7536
813
1526
2686
3098
4059
6357
5511
43
6214
1198
4831
3770
4472
2405
3749
5722
2843
6548
721
1260
6709
3137
6801
6002
4063
2733
7775
5864
2082
3157
196
7661
39
2549
213
4567
5730
5709
3922
3410
7183
6791
7782
3059
6102
3824
7786
4448
1358
2081
1666
7829
3422
4080
2104
5957
5169
7297
2752
4028
7235
6581
4361
589
3677
2263
1699
3816
3609
3148
6369
608
4245
4772
3985
1955
724
2832
3414
1092
7740
7435
7574
3950
7089
5525
5152
729
1885
4614
4559
6078
21
5294
6264
99
4084
2019
5468
4669
2017
4857
71
7823
452
3521
529
204
3911
3188
4497
3068
5162
7744
2885
1025
7688
4420
2462
3298
6122
621
519
2719
6461
1928
2691
2284
972
4790
5851
4297
3613
3626
7289
5772
6436
7554
1029
3214
7112
3813
1486
4837
518
3513
4022
2891
2508
340
1991
507
4938
664
4995
1814
1789
6291
6128
4048
2423
4687
2049
6996
6127
5360
1952
1600
2268
2288
5334
5933
6655
4154
2643
4073
2800
4907
1890
6998
5106
1455
3340
2461
7002
7338
5589
5628
4780
7136
6100
4332
2681
112
7156
6828
6749
3961
7301
1104
7009
5631
1499
2486
5841
7098
6324
6527
1585
2899
4216
4917
2902
7410
5586
4570
6836
1778
6377
1691
1327
4788
3228
2535
4153
1992
2181
6131
6459
4974
2105
4946
7034
1360
3523
3565
5212
7726
7588
2115
2243
7624
6198
4002
63
6149
5286
5643
3544
222
2458
7210
5944
3556
7095
4631
3278
1529
2484
2013
1633
6265
2742
3243
592
5059
5691
6011
4695
4708
3995
3984
2052
5342
5298
3873
7121
4418
6197
6991
6774
3166
630
4390
6739
5124
6192
7215
3880
4931
7434
6743
6366
6878
4565
883
7008
5570
220
3033
2463
7097
6064
5960
1245
5572
2177
612
3192
4197
7242
918
768
531
6157
5687
7173
5936
5167
5318
1614
1636
6022
3790
1441
1541
5928
3497
6230
395
7096
5832
4535
1126
5955
779
6638
5467
2754
5349
3109
2749
6760
878
2541
2925
2425
7075
3039
6470
6426
3788
4104
2995
3979
2266
3461
1314
7316
3459
3566
6330
1556
4775
3079
4604
1832
4253
2712
262
197
1162
2641
7392
5452
5582
2366
5266
2427
3003
3365
439
6895
3435
2801
2734
975
3892
889
1424
5809
130
505
987
6396
6162
1093
6918
1734
277
3210
5879
4935
4035
7493
7765
7701
1011
6348
12
5853
2808
486
4538
6556
7515
1351
1874
2095
6593
527
6106
7125
4642
3660
3040
803
2507
6406
1756
4437
5672
471
1578
26
3237
4854
7221
949
1111
4186
7086
7543
3189
2244
5961
5541
5478
3698
1592
410
4987
2259
6753
6142
5703
5688
1072
6037
7261
7295
537
5514
1599
4700
6734
7822
3399
5548
3906
2766
4053
5516
2382
3010
6608
2395
5553
4830
1611
2545
45
6633
2420
1176
5509
4542
1397
4583
5783
6886
5197
3554
940
1771
1977
6215
2645
2236
754
3354
548
7579
4329
5946
3343
6041
5431
5100
1876
6212
6392
6079
1517
4326
7208
6809
7296
1812
3252
6490
7317
5999
167
7777
7385
3840
4134
2441
311
6343
1004
3686
1653
1468
2084
3537
585
7749
2393
1645
4000
317
3452
5022
2313
390
5432
4485
307
6382
1640
2168
3392
6797
5823
6179
5415
3699
5007
1500
2188
620
7717
1370
661
6932
7470
5204
5908
549
2343
4171
2939
6060
1407
3853
7664
4398
4652
4996
4348
1217
2191
42
837
879
1652
67
2254
148
5660
1741
6275
4336
100
2760
294
1071
1805
3216
836
6021
1330
5581
2806
4625
6534
5132
7651
3987
4083
1693
3074
1522
6059
6883
901
3581
7267
5464
4503
5127
5543
4477
3971
6673
7029
5434
6246
1639
96
4092
2306
6522
5710
6309
3120
842
3815
1204
3715
4928
6529
776
1981
4747
6113
1912
7671
921
1857
4861
3825
2316
865
4562
707
7148
2033
3869
5608
4345
5748
5550
2174
1094
1661
1996
703
739
7575
6944
2267
971
388
691
6959
2321
3628
3881
2408
7555
6588
3001
770
3323
75
2937
3938
5757
3368
6747
7702
4621
4560
4715
1321
1222
2765
3028
4776
2517
2838
86
4826
1904
6204
6117
3262
7073
5196
6668
7487
7211
5192
1689
5480
2302
1635
2571
3517
2409
5200
4589
2454
7135
5794
2596
4575
1618
1185
7050
6503
145
2220
6259
4056
5372
4335
4781
1473
3982
2633
338
4325
1727
6454
1079
1275
7084
1953
3159
6949
5532
6900
3321
3529
5842
2475
4034
6207
7134
6135
5962
406
6153
7268
1446
1513
5159
3962
1374
2701
1347
192
995
5524
916
4751
4149
6428
1112
484
4021
6391
6004
7439
7370
2892
246
231
4545
362
1334
5788
2206
4156
5491
5665
1147
4709
3568
5945
4044
6755
4941
7655
7820
5659
639
4140
5099
2706
4999
2665
1764
5064
2319
509
1443
5270
696
6639
6896
1604
1388
4656
7615
3153
3838
7366
150
1746
5493
186
200
2668
7454
2200
371
4961
4458
2447
6240
7443
774
706
4785
7076
1871
700
6388
2601
5871
3091
3180
5485
2452
6741
6020
1490
2862
718
5819
1310
7534
2689
5465
430
3582
2520
2914
4115
7727
1852
7780
6648
5131
7321
6365
6941
1219
2812
4836
1877
2952
7066
1381
2131
368
4800
7415
5259
3421
895
4774
7255
1033
4232
3555
4093
3342
5562
2996
1858
5177
251
5240
811
963
583
6787
5588
7275
4318
7810
511
386
565
504
7551
2356
2709
1893
3294
3725
2118
3891
3077
2073
1738
4930
1027
2682
7037
847
2204
2143
4112
4694
2039
4191
98
4231
1252
2477
7269
7120
290
3964
1821
6776
5244
4879
954
285
4869
2373
3105
1286
4043
5829
7273
3654
4375
2532
1913
2185
6143
5006
3415
4626
5919
5624
396
3036
1128
6973
4539
4431
1659
7608
6430
241
578
2738
1168
4638
6342
418
4717
1160
1007
5378
373
4852
5750
3663
5463
6014
749
943
591
7542
6239
7065
800
3088
4791
7721
1202
6691
2882
5645
4711
1282
5563
6864
3624
1969
1233
7562
2000
2581
3974
2233
771
6968
3842
1433
7719
3700
7594
6245
3879
6023
1466
237
1613
1954
4767
403
3886
2905
7205
2277
4511
5117
7647
104
4829
6498
5067
1044
1439
5824
3729
3424
3732
5627
7523
1200
6550
3255
2670
1426
4723
5381
1316
6384
6349
1879
6299
767
369
5188
3574
5335
1241
6261
3509
3394
4075
833
3337
3160
2439
897
6683
1571
3978
4590
1748
4394
2884
5260
6095
7541
6012
6232
327
7602
2977
701
5744
7799
3586
256
253
7257
793
3625
3315
5306
760
5635
5695
6614
1220
44
1145
259
6887
6820
5954
5605
5723
4471
2272
3693
4100
3850
1972
3331
6431
1087
7778
4682
5164
183
3844
4870
5245
1400
5891
3888
6770
2513
3222
1196
6070
5449
6160
304
7187
5620
7529
4164
5885
4872
1906
5114
7604
5455
5317
4260
6867
6970
257
6225
4243
2208
1060
885
863
1980
3820
2009
5120
6364
3308
176
990
1657
3823
7258
7769
7001
6861
4111
1888
3531
7382
6674
428
6456
637
1573
4514
2572
1005
170
6397
7394
5312
3250
3920
1380
2218
3740
1606
69
3656
7709
3018
2170
5307
5388
2490
4152
1002
7334
4849
5721
6813
6841
843
1732
6702
1355
3532
4577
1961
3489
309
3379
5375
4646
5251
4166
2604
3931
5049
6479
4379
7819
1016
7224
4598
7222
7064
7218
5621
397
5179
1555
6274
3765
4052
2980
2046
6229
3895
4845
644
2077
284
1978
1934
6489
1435
4032
1999
1700
4792
635
922
3156
3385
224
3070
3585
1436
2524
2521
5000
6922
4155
3584
2546
2746
7451
4235
986
3569
905
5268
1236
5549
6974
1753
6931
261
4252
1304
3703
2974
740
1833
4892
6754
4370
6233
7776
6929
3024
7827
3151
872
1225
5141
2231
4601
5854
572
6877
653
5670
567
7357
2437
6796
7305
1069
3646
5638
4323
871
2378
2032
3128
6782
2228
2276
6297
7686
769
3828
2014
4990
3863
4765
6125
5958
2348
1861
6972
7194
1868
3307
5663
6118
5725
6911
5037
6191
6874
1840
3893
6544
3309
6001
4607
2933
1839
4372
7438
3401
5661
2377
1749
146
3050
2515
2582
1030
725
4165
4312
7023
1213
3915
4185
5487
2359
6253
2708
4405
6447
3439
2179
6484
4803
7354
221
4986
6714
1165
1847
1328
3211
5866
5310
4334
6961
1718
7079
4988
5740
5210
7279
6772
3528
7171
3567
2042
1854
1631
6408
3177
7548
4558
118
3541
2109
6909
5280
3883
3757
4285
7274
557
4764
6034
2906
5232
1076
6244
4172
3443
7355
6495
6706
3616
6632
875
1625
821
978
127
4082
4734
4939
5454
4531
4309
6669
3779
7803
2134
2861
2783
932
2024
5211
4014
7816
5981
4230
2544
4401
7238
2324
2471
6303
3690
3896
513
3771
3400
2786
4619
3147
5705
5122
2308
7637
5527
248
5309
5302
2001
517
3467
6748
3428
7599
7512
868
5448
3244
5751
5168
4374
244
4654
860
2854
3661
5121
6086
5759
4102
6512
4202
2230
1465
5223
4634
7115
3218
2981
581
2248
5241
2249
4840
2789
1622
3858
6411
681
109
7452
6323
7072
3608
166
7712
1760
6819
809
4307
5664
2380
1642
7617
953
2988
3652
4278
7540
5506
1673
1784
597
6727
3871
5089
951
575
2975
1603
6141
2815
3176
1630
6728
2368
6394
3767
5076
3621
2680
4616
6163
7213
1216
3404
5311
351
7165
271
4220
1719
6995
3549
4691
1577
5656
3829
3444
7711
3868
2771
2196
5614
1566
5972
5636
6496
893
6857
7026
1240
7105
3065
1547
1341
2998
4504
2557
2693
1311
541
5453
6203
4198
599
1608
2261
1068
7479
4508
5073
5261
3795
3988
5755
5366
7294
5818
2664
2792
4383
6049
375
7678
3925
297
3611
6856
611
6098
5284
2096
7181
1709
7590
232
590
6751
1124
3111
4949
6194
4901
1121
1086
4030
5801
4922
1047
533
4596
6657
1444
6997
4360
4727
980
1065
2111
7659
2704
5573
4039
1045
1356
1546
1248
624
1431
582
2355
46
6670
203
2246
3596
2239
4397
4615
7083
2897
5746
5058
4680
2810
52
38
2695
3430
2445
7195
6649
4077
6992
5447
1117
2074
263
5146
1335
405
3305
3731
2497
336
7346
1725
4434
4665
478
3650
5438
6294
3648
6729
4436
3805
7031
337
937
5518
7168
2506
2788
6449
5428
24
7802
6744
3233
3453
2539
4533
2599
6116
2386
7364
129
378
2979
6837
2402
4948
1680
7628
6420
5530
5917
2498
6401
7263
3862
1988
4906
6587
6434
4040
5145
5383
4412
2062
3215
2660
2776
7192
4965
2354
3774
3209
6993
7708
4068
3349
4866
3809
3538
1344
4653
7090
4148
6688
6354
7772
3027
3213
4047
2628
7306
7036
3223
2745
3362
5256
335
5246
2725
3130
989
2030
1414
7524
708
2726
4234
3965
1324
2802
5673
4290
1246
1742
1495
2518
2773
1113
7646
1235
1830
2389
3030
2141
3550
4395
786
2692
3796
4920
4125
6517
4411
5483
1166
1023
2640
1938
4899
5616
4960
7466
1873
3562
198
7762
6731
3769
3782
6010
6687
376
4098
1998
2325
4012
6183
1231
448
1507
697
499
1469
5784
4121
563
1537
5262
7189
102
2875
3918
1159
3270
4407
6271
1423
5156
6660
6609
6463
1971
915
1408
4283
4761
846
4602
6682
2512
1856
7396
4835
6810
6600
2102
6335
5220
249
5679
5036
1453
1826
5158
1574
6921
4893
5444
7648
887
5391
2823
2609
6546
4470
6834
7280
3753
7691
2127
4524
1984
2614
2627
3708
7677
1864
3291
4703
5459
5692
3260
443
1870
1456
6222
365
2927
1082
5222
7546
3224
6138
6835
4292
2735
680
7640
1048
7505
3384
5501
2034
2360
1701
659
1638
6726
5985
7557
3989
2292
7484
5185
3173
3484
7024
2371
2896
4382
5617
3436
1829
242
7336
831
5649
1989
4640
4865
7607
4349
3097
3469
1790
6130
5186
80
1066
1274
7798
2372
6865
6268
1266
7343
408
5941
1273
4944
6680
6361
1658
1434
3102
5896
3116
7199
4519
6167
4
2162
882
1036
6096
6708
4481
3433
6847
1737
632
92
6591
7667
1372
2787
6825
5325
1803
6285
7298
5142
2999
678
2489
7287
4530
289
426
3552
1581
6407
1308
314
6220
7441
6584
3799
5002
730
5998
312
3014
5130
3570
4536
579
4603
5569
3129
3193
2657
6786
6987
3055
2816
929
6257
6563
2948
7747
5026
3522
493
4388
2275
3311
6248
4873
4525
7100
7556
2527
4823
2016
728
4476
5507
6602
4023
2501
4042
2114
4086
7457
425
6007
2404
6483
522
1230
2785
2088
6276
6686
4864
2255
4540
852
7003
7488
5257
5263
7635
4498
54
6031
3267
7644
5736
1806
3440
3714
1120
450
3208
5149
461
4923
4757
4739
7103
6462
3204
5544
3897
7520
3347
5519
5893
6553
480
6984
6927
6745
4828
4491
6234
2008
1285
6552
6889
4686
3959
4752
59
2466
2061
3695
5110
5909
3750
3902
950
1948
1875
5503
6735
6528
5052
4319
4716
3847
6441
6917
7589
3671
2433
5140
5202
1376
3952
1331
6710
3972
6586
6582
1987
4176
1791
6644
4956
73
7497
5403
4648
3072
5698
1357
7658
53
7760
6684
763
988
3899
1662
1169
7638
3273
4676
4440
4794
4672
2173
7681
3303
5258
3412
2176
6989
4081
5536
3830
3138
6598
1712
2037
7788
4313
2971
1901
4438
2781
3351
1781
5839
4796
6525
7564
7128
3545
3352
6403
5982
74
817
2502
4422
7038
4062
424
667
144
1536
641
3191
965
994
456
666
3133
755
5622
4670
1221
5994
625
955
5216
2552
2950
5250
5728
6293
6960
1207
1301
5154
3488
5460
5602
2260
6082
7468
7236
2241
818
4704
6109
4932
5529
6195
6936
1921
7308
6821
5681
2446
2846
5900
3092
4824
355
2661
3378
2192
7698
6912
7828
4819
1914
1406
6446
4189
1950
234
5332
5716
6417
7811
3539
4813
7281
7314
619
5735
3336
1922
1542
5237
4017
7552
4875
7323
7180
7425
6437
1634
5510
1956
7591
7241
3719
5218
5083
7027
6353
6211
822
2021
2480
6982
7206
475
3664
2282
5700
216
7630
3139
7676
5053
1477
3560
3355
1646
4280
2271
4331
6999
6545
1902
2474
462
3103
551
2580
4289
2918
2929
1867
6387
3852
4816
4679
2370
119
6816
7533
3053
5789
3316
3933
3704
4902
6016
523
1565
6508
3741
3733
4315
2129
6558
1237
874
3821
3669
37
5756
2739
1494
6752
1255
6831
5479
2050
6450
84
4782
3678
3994
57
6956
1420
6505
7302
4205
5979
3599
6267
4295
3590
4271
2227
414
5441
7318
3258
3178
5872
3416
1589
6045
3367
3164
502
2329
5440
6279
6689
4128
1607
2965
4827
6518
4667
4657
2376
3499
385
6808
3948
422
3711
1916
6347
675
5833
6629
3630
3107
7088
5769
1268
2867
449
5001
3935
7384
3285
3325
1307
7495
1320
