4690
271
2122
309
3570
1449
3267
2497
770
4539
5002
5866
2426
3349
5410
146
5099
3795
5006
3243
3222
1076
1066
5540
3973
303
2509
1134
1844
5358
1482
1109
1223
2707
3387
4025
5590
989
2911
4442
1047
2810
3289
4774
2067
3236
910
4403
5844
3441
2664
4018
4605
65
3116
471
4309
5939
3298
4787
5684
6114
5548
5588
2230
1149
1747
1190
4014
3788
6167
4950
4237
4620
2597
53
2708
1740
1612
362
2438
6094
1667
111
5736
388
655
1808
4829
1080
1052
6102
1392
1967
3636
4905
4139
2208
5657
103
2755
3029
2196
2909
2107
2925
5878
530
4059
4340
1979
6136
1569
2045
4977
2091
4540
3686
853
5014
5141
6059
4347
2626
4395
4803
5159
2330
4897
5194
4037
2818
3497
1428
1137
726
1429
666
2983
5158
2109
706
3184
4765
4142
2279
1668
2022
439
1703
2009
2209
3414
1074
4133
250
1243
6088
5661
2820
21
1048
3173
1451
889
6049
4590
5144
5591
94
2016
3115
2079
2643
5039
5788
2819
5480
844
1934
786
693
1745
6014
610
2149
781
1354
3513
1860
3433
2449
2959
3997
5282
6039
42
501
2362
4924
579
630
5182
1283
2490
5111
1793
3176
1455
619
3769
1016
6162
3991
2885
1991
2396
4908
209
4326
5870
1955
1322
1676
3562
3701
4487
752
5708
4290
1265
5406
4458
1304
1631
1340
5885
1421
369
1459
4385
5527
5860
1972
4150
2893
1338
4338
660
527
3112
5650
1869
1230
563
1905
5712
3019
2286
4662
4876
114
3342
6001
5093
5361
4906
1258
6076
2421
3882
4329
3218
5502
2352
3904
2787
3692
913
5150
741
5456
5854
450
3136
1343
2922
3185
1605
4204
4491
2261
3295
6031
1036
3574
2258
6079
82
2443
5728
3200
6101
259
3443
901
4052
6005
34
3014
4959
4693
5522
793
3435
937
5800
5622
4928
810
137
1180
3459
740
180
1144
5945
2349
947
2934
2528
2993
3623
3380
945
2646
3789
3451
1293
3757
1363
678
1863
3568
4831
1971
986
3177
4453
3440
3096
4192
5026
2527
4592
857
3884
1298
6170
4288
3975
1278
4995
3183
27
2417
4652
1157
2162
5786
5344
3621
2833
1775
3359
1998
3999
5495
4869
1975
2711
1025
2564
4574
5665
358
102
5567
36
1113
2201
5239
2948
244
2380
5660
5441
4002
1994
731
2648
2988
4570
5683
4806
3881
4752
6037
1691
1254
1787
3869
4004
839
222
1103
4425
851
928
956
5673
3439
1850
1528
1681
4208
5573
1938
4235
2771
684
4231
460
23
1156
2414
494
2814
4418
988
4474
3538
874
5999
1903
5342
4932
426
6157
3254
3824
2494
4920
751
2117
3284
4408
2486
5228
1053
5754
5586
1782
287
1395
4357
196
452
640
6089
406
5053
232
2372
5918
939
67
671
110
2908
691
3253
70
1450
1566
5222
1124
5703
1481
1878
1404
242
1453
729
467
2318
4252
139
384
4034
2728
1895
5902
904
3436
925
188
3215
2731
2832
4485
1108
3034
4656
1980
3156
5100
3193
3398
2289
4413
4653
2901
932
4935
4377
4745
2904
4579
2252
1656
2355
712
1825
6007
165
2791
4349
4359
4430
2070
4966
597
5611
3118
5655
448
1060
1702
2769
5765
2472
5555
4861
3311
2089
1698
1346
5007
3613
2776
5087
224
3625
2563
3057
1651
1065
265
1465
3611
4013
2402
3196
4339
2747
5306
5335
3687
2066
3861
2593
5770
581
1819
1670
3045
2002
4298
3308
341
4072
3149
1596
1078
4375
4394
3681
518
5503
1154
1792
2368
3469
5332
4559
1261
5462
2391
6109
1402
5090
5346
782
804
4573
4097
5616
1352
4854
2017
3638
3246
443
1057
108
4629
1654
5202
257
2276
3737
3461
935
967
3505
4187
2756
5927
2181
4448
4780
5899
923
1695
5313
307
97
2794
1616
1988
1610
5401
5715
5641
4681
710
3134
3494
2834
5424
1186
4546
5524
590
4080
2684
4264
3584
2288
3444
768
5995
5464
5898
5318
434
1723
2868
2223
59
2419
223
1478
1650
2257
4122
4039
89
6111
1235
3834
6060
5797
4960
5584
1212
5672
984
636
1390
5942
3068
207
3640
534
1649
2038
442
3877
2583
134
4779
5646
2963
2216
3804
10
4835
4845
3159
4707
4626
4320
2301
198
423
3392
2565
482
1437
3699
3155
3455
6034
2127
181
3391
4227
4823
1012
3608
112
2001
4439
2743
3971
172
4024
1416
1313
708
1666
1152
2250
3817
2873
1573
4398
6012
113
5528
1717
5946
2299
5506
3582
5060
6149
2411
1077
4904
4898
2972
3044
3998
1586
1518
4293
5830
1758
235
2459
3516
4390
3509
4075
1779
375
3241
2561
4658
2340
1527
877
3813
2866
4945
5130
1595
4336
68
5541
1890
5570
2444
4032
5284
2333
5812
1380
954
2272
3871
5558
2512
2848
5876
1170
58
3541
5585
5658
248
444
5818
5334
3425
5011
3676
1003
2636
5595
4030
5132
547
1751
6168
2157
1474
4521
934
776
3615
6054
5281
4533
4473
3809
5626
943
3245
2680
3142
2805
5483
958
5095
4079
4553
1582
2537
5477
2897
1297
1597
5460
1040
694
594
2549
2508
392
1476
4100
919
3690
3039
4105
963
3907
3322
213
170
120
2663
2778
3431
5895
4274
2456
5296
5316
5080
4212
3307
288
3401
5956
4634
5647
1629
5279
2237
1992
3442
624
1942
2536
4282
5061
3647
4776
1923
3278
557
2854
2061
2308
4171
2013
1861
1203
218
840
2529
206
1600
4642
3722
2229
2310
2058
3153
486
1834
334
3674
5209
429
1531
611
3290
1026
4459
3260
4732
3410
2695
4508
2606
1069
2501
5397
4991
1240
4791
613
4519
1127
761
2649
5835
4224
3529
1558
88
2113
4555
5074
5404
128
5750
3823
5359
5785
3465
3065
1303
2423
5210
1924
133
1773
4538
582
3989
3291
1655
3275
4659
5043
5743
5029
4500
2673
1882
5619
2595
4964
3016
3531
1139
1537
1638
5782
4156
3857
2995
3683
3102
2733
3984
4530
1062
5969
1935
5910
5682
4481
5726
5507
512
6097
1897
1362
4557
5737
4188
478
5223
6098
3030
5263
4805
2898
864
1405
711
4449
1260
2890
3691
356
521
4035
5599
4123
3337
1075
2500
1259
1018
2473
4671
6152
3110
4749
125
5720
787
2658
5179
3157
2080
6086
5602
1158
5366
1532
856
1925
5256
5879
2187
3911
999
371
1716
5094
2228
5192
5286
758
4044
586
5702
627
4074
1462
5472
672
4892
3169
3209
3061
2234
3101
4447
1130
1800
324
2150
1780
4046
1387
687
5438
492
3802
4507
1175
115
3932
2332
5544
4325
3
395
5965
5248
4393
3831
5175
4700
5513
1995
1471
171
4760
4270
2861
888
4512
996
4891
62
1209
4683
688
2160
3644
647
5482
750
2203
4535
2671
1642
3343
4360
4232
764
1765
2300
2704
1123
2634
3089
4604
4287
1584
5049
5884
4628
3770
5005
1092
635
1281
3008
612
2637
5034
1008
1469
2101
1238
5378
4836
5569
1789
5806
4944
983
1946
3583
4718
4435
2694
3223
5769
2870
1360
387
5632
267
5419
2941
4951
909
6029
2837
4665
2406
215
4984
1085
1529
5861
3985
567
970
4138
304
4654
2199
349
3910
1997
47
2367
4511
5114
1460
4158
5644
944
2923
2736
1096
4253
5323
3270
4988
4710
2357
3920
3868
5103
1768
205
3192
1884
4778
3524
809
5962
5653
5350
1326
258
3198
2334
5325
2718
14
766
1577
2190
5523
1943
5226
176
3208
5439
1833
2535
6108
1731
3135
3423
5733
2384
4536
847
4788
4084
3650
98
230
5184
2721
529
2835
3775
2287
3969
4633
5551
2415
2912
3305
5613
3385
1928
3210
4638
1829
2495
2455
3321
1084
5889
5990
4730
5917
1841
1396
1722
3726
5718
5450
2943
5320
4828
2513
1257
1906
4929
3863
2377
3345
4137
2007
3942
4801
5379
2895
3771
5779
3949
6096
2874
2830
5577
3536
3293
2030
5196
1836
4428
2255
991
5514
6137
6141
3147
5764
1936
156
2933
5249
2111
1166
1
5211
2025
1064
4191
2488
5204
2468
739
4721
30
879
1822
6105
2487
1824
4717
3829
264
677
1431
2792
1697
4380
4152
1409
3512
4660
938
236
5459
692
842
2348
3537
3639
1864
1930
3887
5983
5340
1099
2128
4257
3915
1708
3768
3761
5671
2853
3467
2463
2392
5246
1174
763
2361
3165
4902
1621
3773
5805
204
394
3604
5485
283
2919
5694
6153
3941
858
1810
3616
3958
4285
189
569
905
5400
5125
6083
1699
753
5390
5530
2249
4410
5775
5075
1766
4736
5656
3040
4077
1242
4879
1305
3818
1776
5772
4837
4420
689
3207
656
1737
3740
4611
3679
363
890
964
4337
3745
1658
3596
1312
783
5205
5380
3601
254
1173
3632
5373
1575
5592
5363
245
405
4517
997
1090
4938
4283
4820
3237
4276
854
79
3925
3609
5796
4417
2928
1164
5877
1909
2231
544
6099
3628
2726
3326
887
3502
3406
3898
573
4872
4220
3413
1070
4234
4792
990
302
5757
2991
4060
4798
1367
463
1364
4893
978
1208
6081
2719
5496
4566
2628
1191
4705
5549
4140
4181
2146
777
2906
4883
4983
2660
3573
3189
1015
3150
2262
5699
5914
4972
2292
2692
866
4514
2700
3167
4242
3918
5057
4614
4334
1034
3288
3677
6142
1087
3774
1088
2827
96
147
2612
1690
3486
926
2607
5356
2872
4023
4055
2935
1038
738
2746
5371
5815
430
3520
5760
330
33
2604
4348
1660
585
3979
720
2264
5064
4941
2725
6154
5725
323
1839
1534
4649
4568
3532
3294
1562
2083
4384
466
46
4414
1574
971
3430
3542
1457
5044
3379
1005
2245
1030
5504
4608
2394
5843
1023
4281
4595
1366
436
4580
5603
1705
454
179
2729
5001
3843
6125
2130
4847
3234
281
2405
4476
682
1290
4899
5526
3347
45
742
3964
5511
4961
5614
3137
4923
1576
1324
645
2947
4956
4523
3844
4838
2317
3703
1262
3695
2048
4602
3931
875
1251
5105
5311
4510
71
2887
4581
2938
5292
1920
4703
435
1129
2142
2068
5423
2984
3340
1866
1215
3633
4686
5129
1479
1684
4947
6074
1774
5101
3097
141
2976
5276
3992
3204
2962
549
5691
3368
2028
2489
2335
3527
2742
900
4362
4183
154
3612
886
221
806
3706
2557
4098
5324
6065
428
4882
924
3760
9
3646
1408
2312
2337
1630
1348
3826
3452
6130
575
1063
3875
5442
3418
1770
794
2844
6026
6148
1045
5811
1256
2789
578
411
3886
3947
2491
2478
2672
2483
1102
2855
3079
979
2926
872
4401
4355
2309
4647
3002
1509
2587
39
4632
814
623
1115
1887
1198
915
4436
1519
5823
2815
6073
2032
3698
5824
2553
2916
1941
2902
1187
2076
3067
555
2518
1959
2246
3995
862
3141
2650
4207
5470
2569
3018
929
4
2183
2305
2311
4678
2482
2119
6160
902
717
3098
5203
1317
5240
5030
5142
3649
2256
357
5967
3853
2773
5521
1753
3753
4616
3825
2247
99
3519
4781
769
4664
2436
4198
2572
1299
109
4383
331
3600
5201
699
5253
4744
1475
2647
77
13
1633
1643
4202
208
1873
2602
3489
85
2093
3232
4858
1444
4083
5023
1226
374
217
5289
5546
3880
3361
1678
3928
3427
2298
5435
5147
5847
3867
1059
595
1104
2864
3357
4134
60
4093
3358
1051
2046
2783
3309
2568
2437
5560
1742
1932
5449
5163
391
680
3894
1949
5753
5349
3739
5580
4994
4031
4493
2364
1749
4751
4186
314
5235
1344
556
5781
2112
1767
2341
1495
5519
746
2865
1815
3876
1552
3651
5801
5973
118
4549
5110
4826
609
4757
3558
3140
895
4317
4248
1620
1035
5153
5081
5716
5172
1875
3216
4200
4675
4819
1609
2619
3838
1728
4885
3765
455
2253
3124
4711
5512
3003
4121
1315
5478
5721
4129
2052
5834
5872
1704
3320
2915
907
1632
5630
1986
2598
3372
5987
1184
2435
2035
1193
6021
54
6022
4922
4735
3736
2082
2042
4169
4603
3906
3010
4146
5996
1962
2081
2147
4916
2448
1020
2608
269
5873
5711
4562
5045
5789
3796
5365
5140
759
1159
1245
2177
5059
2999
5882
705
5084
3300
3086
4911
440
4558
3798
1636
6151
1441
1541
3214
1126
3950
5871
4518
5814
1868
2749
2541
2425
3063
5766
5849
2266
505
4714
1556
713
326
5155
5947
2712
262
197
1162
4565
727
2360
2404
5900
1680
2427
312
3128
2801
509
976
5432
1424
4127
4307
3815
703
3492
1093
1356
1734
4598
4294
4907
531
1011
3842
3332
4841
2808
5933
6129
1351
1874
3589
5417
620
2507
892
4895
2967
4702
3553
1578
26
1606
654
5845
3811
2244
317
3319
1592
2942
1625
2259
5536
4103
404
4136
1072
4993
1120
4830
5416
1599
4567
4087
1372
681
3365
2395
957
4048
3700
2545
3655
3464
1176
3180
1397
4786
5643
1248
3603
5402
1977
3269
4379
2236
4919
4998
6058
5670
1876
1285
5168
1517
3080
5896
5106
6035
167
4542
2441
1004
5497
4221
2084
480
2393
4382
3211
2313
1640
2168
5351
2609
3125
1500
2188
5374
2239
419
3902
4323
1266
2343
2939
1407
4267
459
5067
789
3484
1652
3879
5852
1741
3244
5055
2760
396
1071
1805
1856
4978
1330
4965
2806
5709
5692
3517
683
1693
4371
6
5756
664
4284
1870
5151
1639
2306
3046
871
4901
5950
1981
3328
1912
5307
933
4471
2316
686
6033
1213
2033
308
433
3652
1094
3744
1996
4113
4069
3970
2267
2786
5637
57
5000
4239
6158
3712
6066
2937
4450
3224
8
4931
4680
1321
616
4800
4028
2517
2838
4333
403
6002
1546
6112
3170
5040
3557
3617
4194
3315
2571
5654
4871
836
2454
2596
5050
4477
5776
3922
145
3693
5500
5606
2633
1727
1236
733
1275
1953
1308
4833
2475
5429
3154
496
43
3978
1446
3988
1374
3634
1347
192
3742
93
5649
249
1112
987
5264
5384
6017
2892
3404
5928
3767
340
773
2206
4698
1147
5538
817
4691
5262
650
2706
6084
346
1764
3445
2975
1443
2498
498
4987
3848
3642
1388
6069
5751
377
1746
1273
186
200
2668
2170
3872
3750
4811
1961
5903
1871
5734
2601
4607
95
1274
2452
1490
6040
4896
4813
3586
4789
2371
4576
2914
1852
5455
6127
203
5841
1219
2812
2546
1877
4115
4875
1381
2131
4130
1002
485
3551
4498
2996
1858
1086
251
400
5571
4822
4010
3891
885
415
4623
2709
4219
2118
5986
2073
1738
3453
1027
2682
3865
328
3450
2143
2039
980
4251
2477
499
290
1821
3909
4470
285
3785
2373
3105
5295
838
4857
2532
4796
2185
1826
4196
3036
1128
1659
4860
241
4785
2738
3428
972
4000
1160
3702
2875
1840
1423
4971
940
4111
5145
2354
3624
3897
3327
4279
917
4026
6113
6124
3792
87
1969
4254
6163
2000
4731
4411
728
1433
3463
487
574
3758
1954
2905
2927
2277
472
679
4354
4483
1044
1439
4817
6133
1200
5988
3255
4278
4021
537
1316
5259
5234
4583
981
2141
1241
3160
2439
911
5868
1571
4900
2884
5225
504
965
497
5261
3360
353
2977
3409
418
256
4275
4771
5227
3715
2466
399
1145
1794
5031
1049
1247
3163
3977
4095
2735
1635
5848
2345
255
3094
2424
896
2165
4319
1042
6110
4016
5273
735
3962
5481
2420
950
4070
12
3888
2442
6090
4631
3235
2907
4870
5091
4824
2049
3238
4812
3213
891
484
1309
2019
1911
6078
3556
3400
5176
3548
3171
1452
389
4930
977
4697
263
4467
2516
4577
3313
1784
5431
2620
1603
5008
1029
3075
651
1250
1525
4243
149
2409
4655
390
4332
5832
5604
3743
1327
577
5288
126
5547
1486
2555
5707
5628
1028
4839
6118
6050
1832
4635
3472
4301
4954
1786
828
1349
1334
2581
795
5958
3304
246
4834
1608
4063
237
4761
4769
5046
4589
799
2008
1585
5913
5816
4405
4296
5957
100
2681
4233
1581
1456
4042
5422
4147
5207
1168
4001
5154
2788
75
148
3129
3015
2243
2043
2189
5516
2822
4082
3620
4260
833
297
3799
2319
3339
2689
3987
1007
3143
2204
2799
2675
2359
2023
4646
2484
420
3334
5033
2665
561
2525
6068
632
780
4165
1522
3602
4770
5634
2186
81
948
1488
1466
4495
202
5115
2515
1499
3924
2896
1985
3914
5121
2077
5467
5615
4489
461
2034
5388
35
4999
1217
3660
1760
4733
327
161
2577
673
3248
2291
3166
1772
5710
408
2617
493
5648
5436
4107
1117
4529
4206
3944
841
893
4809
722
2625
5156
4263
2350
5189
3873
3595
4866
1415
6159
3024
2824
5687
2685
1618
2062
2981
1827
5302
813
4974
1811
1111
3082
4516
1615
4022
4990
5704
2811
3522
4844
2823
6077
4297
3069
3892
1718
5116
2785
1033
2321
3883
3282
4775
5411
1689
1515
696
868
1613
3828
4552
4692
6115
4318
3341
5149
3862
2558
4363
551
5850
3197
3713
4864
2882
152
3555
2375
1673
704
5272
1879
779
5696
1492
4185
1310
5421
3263
2095
6055
4948
3274
3783
2296
6051
1419
3905
2445
3251
2430
382
2153
3354
2944
2802
3471
1966
3749
2686
1725
220
2347
4767
4149
6172
4687
1229
4073
2024
513
1790
4918
1014
6100
2582
587
5677
1726
3262
1105
3779
2592
3421
336
5517
1679
332
2492
5617
2701
653
3062
2218
4874
536
1641
2900
1899
4292
3895
3705
3388
6010
1081
1422
3619
1163
2104
4190
4166
2667
3567
5935
1358
2754
4437
278
5403
5089
2678
2263
2148
4810
774
1426
4068
4322
2088
615
5802
5745
227
5124
2843
4575
5793
5744
973
2440
2378
2641
4155
5254
5784
4722
4532
5463
5479
1817
1952
4102
5833
1389
5493
3893
2471
3383
5420
3377
3074
4180
3257
3384
1611
2307
3449
3422
5576
5556
1311
4472
861
2979
3585
5357
1133
3001
2540
3549
860
6025
4372
3144
3764
5487
5035
5220
3938
5906
3635
5963
3426
4852
6030
2114
5985
5224
754
348
2506
1253
5905
5395
2614
1771
517
270
368
1098
995
5216
1661
4996
3181
1735
4708
906
2344
4992
4388
2385
22
5193
3120
5827
3331
4815
3708
2072
966
502
1653
5976
4492
5531
3561
5310
4160
4153
150
319
3399
747
2232
2621
2212
4504
4903
2222
916
5160
2120
4455
606
565
1719
5880
5317
4143
6064
4543
1908
812
233
3900
4537
4627
2550
2015
2600
1614
1231
4043
2816
410
2108
1990
6106
4727
4066
3525
5058
292
3106
4112
5372
3670
4865
5238
5949
2074
5229
5774
2194
4164
5561
1341
3041
2302
1329
1095
138
4740
2888
3043
737
2653
52
982
5025
898
1375
5427
3805
2325
2638
5369
4461
1335
4986
5233
5594
2434
3927
4889
3335
3622
3859
1567
580
73
127
3627
4534
5492
4797
4545
1314
24
775
3158
5566
1683
2590
2382
5767
231
884
4019
266
2005
4790
5331
2200
3850
4071
3194
3261
5740
641
2254
1279
1854
261
1359
1196
2273
3747
5652
1288
4090
354
4012
402
3784
5042
2220
2992
4917
2432
3919
1885
5021
4397
4669
1282
5465
3626
5219
4663
849
5251
3982
2158
5663
4949
3424
5010
532
74
3521
5954
117
5787
2751
3088
3550
1778
6009
5354
4304
4370
5076
4622
3890
3376
2599
2841
1302
4939
359
1032
3346
1204
533
5568
4591
5839
5217
1342
425
38
3394
4352
1296
352
4131
1831
3569
1896
3081
2691
2496
3990
4108
2461
4161
1984
4547
5298
294
5583
1706
572
1547
4407
1353
1393
166
960
3483
3571
920
1061
2055
2974
2010
3661
4758
5636
5941
2514
3031
2960
4434
4193
6004
507
2780
4639
3457
335
5047
1220
4754
268
2863
745
4416
1555
5257
1249
801
3323
4462
2519
845
4682
1177
3462
539
1122
2930
1214
5525
2998
413
5706
4894
3654
4172
1622
5838
552
370
1619
2698
2807
3725
3364
5608
648
863
1948
2242
3523
5907
3028
284
1904
3099
5799
1847
2214
1721
1560
5131
2538
3653
4753
3151
6169
6052
5426
4747
3731
1814
5534
1167
2524
2151
2365
867
2179
4092
5385
3662
3959
1361
969
744
289
2324
714
4764
2322
5212
6123
2717
760
2041
3858
5629
3033
4479
5864
959
5319
5719
3563
4478
820
4175
796
540
3732
5278
657
5187
2115
2225
1769
2766
6092
3059
3474
4849
5529
3806
4503
1692
1267
1143
5185
3228
4621
2389
1989
5333
1700
4056
5842
899
6016
2366
2657
598
5618
601
1748
6147
4807
5798
4497
2952
5241
4619
252
3071
4272
675
397
1530
3607
5065
183
1888
4804
2982
5550
1677
2386
2103
1549
2503
2533
3566
4715
2932
3896
5572
3473
3370
2268
1171
5290
962
2573
3500
5162
4432
5867
5982
3050
1222
4840
2105
2522
1813
2920
4544
1526
4358
5722
702
4506
3478
4685
3202
4601
2174
560
4694
4625
4178
5574
2856
6071
1206
386
378
18
2989
1862
5932
800
1161
3729
1900
1178
5730
3476
3201
993
1121
3188
1370
1246
1759
1886
638
5545
3265
2544
607
3983
1116
1414
3820
5451
76
2014
1570
2274
2697
4312
5679
5627
2397
296
5355
5662
365
5032
5689
4415
1082
3787
1010
4076
998
629
1468
4695
566
298
1657
1435
2280
5285
5433
1489
2987
4222
5953
3515
1294
2383
2390
848
5645
2408
2379
6043
4446
6144
3363
4848
5018
5244
4709
5186
2056
4586
4850
1252
122
2994
1233
5245
2269
803
4886
639
313
1801
5077
4943
5393
6057
2458
1079
941
2134
3974
5819
2702
3058
5597
3077
465
253
2891
1485
2670
1202
44
2640
2880
5135
4522
3148
5498
1756
4615
1427
2627
5909
4148
4374
1604
1550
5829
4585
5037
2862
3017
4053
1225
55
3078
1286
5475
5780
2946
4550
658
130
3901
4217
3195
3781
4677
1910
5294
1803
4041
3447
3955
2980
3791
2734
5146
523
2531
4887
3231
3755
5509
1563
2761
1491
1806
1812
3264
2353
548
438
72
4524
628
3837
922
5974
4299
2851
3528
659
1588
5837
2714
1434
3460
589
187
3552
2323
5904
4734
104
311
3663
5690
5170
2213
1983
3778
2645
483
6056
1960
1022
1913
2191
4452
1516
6171
135
5071
2476
5312
4644
2899
975
4047
2493
670
3353
4154
4712
1645
5266
3790
3485
3091
5341
3913
2240
3714
105
5794
3648
1947
826
2690
3694
4640
2217
1413
5791
1709
2003
2724
5771
5783
5270
5368
282
4596
5966
3362
2674
5674
2233
6103
322
4773
4531
1031
5165
4230
5339
4412
5303
376
5268
5083
592
2462
5984
1131
5164
1647
4086
4250
2539
1644
4396
4365
1135
568
481
3721
4728
5387
5237
3402
1328
3832
4345
1216
338
4855
2182
4739
3786
553
3397
669
2752
5667
4245
4445
3405
2499
4772
5998
3027
5563
649
3840
351
591
583
5919
5925
2521
80
5952
1857
3350
1830
668
4335
3468
1185
1893
1881
829
373
3268
1400
5348
20
3565
3070
473
1999
2985
4050
931
642
2765
3754
1944
4873
2629
5612
2275
129
5173
698
788
2069
1538
3965
5552
5098
4015
5127
4300
4716
300
5073
3111
701
2059
5443
3659
3930
4443
5638
3064
2284
2768
2167
2800
4526
5197
4560
3598
2063
3841
2096
447
1828
5727
3055
2026
1907
4795
1707
2784
3247
543
3554
3961
337
4588
3656
4197
5539
3490
5123
5821
4763
2964
4361
2693
604
4525
2155
2388
882
5017
61
6131
3066
4921
2910
1507
4766
4856
3680
5678
4125
4216
784
6116
3252
3856
2849
2510
1750
3544
2520
1557
2542
2154
519
1068
1701
1403
3581
4494
3109
5328
1892
5810
4794
5473
5445
41
3854
3283
3657
5972
5405
1627
277
5747
5869
5755
5198
3127
3130
3860
815
3885
3415
4564
1978
5461
837
1097
894
3535
608
5601
4311
3936
2132
5582
2534
4610
5188
3482
5027
2356
106
4005
5022
2102
3073
756
5581
2961
2878
5200
5853
5260
3187
2100
4104
3724
6145
2447
476
6122
5778
4431
2207
1513
29
5557
3233
1548
5283
2913
2745
3963
2226
3629
690
824
1165
1146
643
5430
2876
4957
1732
5169
3782
2346
5742
5825
2248
4636
5415
2374
2450
1355
4593
1473
1436
3250
4934
5213
4645
4040
5391
5297
3816
2659
2858
3847
676
5668
3671
2433
1376
3952
1331
5428
3972
5413
541
1987
4176
1791
5452
5968
6119
4648
3072
4723
1357
4942
522
5486
662
3899
1662
1169
5178
3273
4676
4440
4672
2173
707
3303
3412
2176
5723
4081
3830
3138
5353
1712
2037
791
4313
2971
1901
4438
2781
3351
1781
5370
6165
6095
3545
3352
6041
4946
850
2502
4422
5768
4062
424
5474
144
1536
5280
3191
6048
994
456
936
3133
4670
1221
4940
2552
2950
5190
5700
1207
1301
3488
2260
503
2241
4704
5052
5113
1921
5453
2446
2846
488
3092
355
2661
3378
2192
719
5664
584
1914
1406
5009
4189
1950
234
811
3539
665
5979
5109
3336
1922
1542
4017
5936
5741
5360
6063
5484
1634
1956
5924
3719
5759
625
5122
6132
2021
2480
5598
6140
475
3664
2282
216
663
3139
1477
3560
3355
1646
4280
2271
4331
5731
5383
1902
2474
462
3103
2580
4289
2918
2929
1867
3852
4816
4679
2370
119
5922
614
3053
3316
3933
3704
883
1565
4868
3741
3733
4315
2129
1237
3821
3669
37
2739
1494
5535
1255
56
2050
5309
869
4782
3678
3994
6164
1420
5970
4205
3599
5167
4295
3590
4271
2227
414
5981
3258
3178
3416
1589
500
3367
3164
2329
5177
5596
4128
1607
2965
4827
5862
4667
4657
2376
3499
