1458
2906
2329
1706
2590
2772
1427
2742
822
997
813
1794
2862
345
2521
231
1517
1197
2702
2644
1855
840
1278
1711
2533
1921
1143
1362
34
1535
537
2343
1196
1021
169
825
459
646
150
959
2021
882
384
919
1306
2779
2608
273
1992
2336
145
2353
1031
749
1264
2581
434
2041
2302
2783
1581
650
1192
2905
1253
1029
1905
1367
1777
1104
2244
2736
1324
2425
629
493
615
471
431
1344
15
2219
1909
1848
134
2635
1903
755
725
511
741
285
2162
2520
331
2352
2108
1925
181
699
2136
879
2897
995
61
886
2006
464
215
1884
1410
1037
358
1454
1757
950
1323
2202
2580
312
2275
2609
2397
1259
1368
507
238
102
1404
2627
2061
751
1871
389
2867
421
60
1560
2319
1851
795
1164
2727
2409
2890
2168
734
2694
641
1996
976
495
1205
2908
705
200
2770
41
2856
2683
2711
74
78
779
2144
2212
945
2839
2460
402
268
1620
2221
394
536
2648
2587
669
2786
1222
146
2230
703
1528
2279
2126
1817
2512
255
1773
2845
2641
400
758
2389
1486
1837
1080
482
2260
158
1519
353
1158
1221
2291
859
2215
522
2550
1015
210
2526
2058
938
1322
1378
719
1127
2619
442
1716
1245
557
2766
311
1309
26
2267
902
1053
1779
1436
1737
2820
1537
498
1647
1162
793
1134
1358
814
1944
90
1927
376
1069
480
2045
1652
306
2806
2395
319
2603
1338
1098
583
260
1743
1209
2321
2458
1895
933
887
2795
1761
1135
1700
23
892
539
390
631
1342
574
322
835
2591
966
1902
2423
1445
1236
2038
2730
619
1576
616
1439
707
1084
1878
2127
2145
897
1898
1242
441
339
2002
2750
580
1669
335
1256
663
1935
278
2339
2360
647
424
828
578
594
1931
2542
2824
2819
709
2539
2125
1981
1653
318
2522
2611
2011
910
864
890
1280
2490
505
1365
1437
1241
1440
1374
1385
282
829
1503
1657
1230
1667
409
810
305
1511
626
2473
469
1891
1941
304
2174
479
935
1873
1965
1276
2785
28
2341
292
2277
246
823
683
224
1678
1363
1355
2059
1308
2413
866
225
38
315
2258
1101
624
2734
1087
2117
599
1749
419
2561
1952
2115
667
1501
392
192
2123
2628
2503
2357
2817
2098
1133
2846
405
168
1600
350
1912
1951
1735
2201
862
1060
1728
105
1658
2037
588
2173
1656
2722
2535
1011
2732
932
2531
1261
858
1452
1254
1997
455
2317
1193
613
1994
2047
637
1888
2064
899
2026
2456
122
1514
1423
1533
1913
946
834
222
1335
426
743
1102
2761
148
2654
24
1697
2659
2111
851
2879
2175
2198
981
406
436
295
44
972
125
2122
842
119
717
1330
2740
398
1610
1660
2632
75
301
1214
473
747
1998
477
1629
1812
2884
2604
551
1681
289
571
2250
2645
1429
1900
2673
2716
47
35
193
110
1739
195
1474
658
1435
2617
1976
1484
2309
1813
632
2396
234
1512
206
1224
817
1448
1721
1967
2705
586
661
2236
1795
155
1934
888
2863
939
235
2858
639
1942
1861
454
2552
2653
782
1392
80
2600
267
368
2349
1834
598
1071
1800
1479
1113
1553
111
1100
2809
108
1609
1189
411
2733
1714
2850
4
1112
1953
2646
443
2848
324
2871
1768
326
1270
2264
1938
362
1550
2563
187
2832
1954
1910
2861
2472
980
612
1079
329
2826
2527
2565
1850
2572
1907
490
729
2892
1977
1036
1590
2743
1663
2337
846
1643
2432
687
876
1655
1460
2651
686
1077
553
506
447
2306
106
2568
2465
468
1408
2523
1298
1456
943
2780
975
1131
1217
1985
2077
2448
2263
2745
756
1759
761
213
1291
2624
1744
46
2767
868
2463
1718
1152
2274
1422
1057
1025
2712
2281
2331
800
2471
2300
1149
2723
2246
2135
1073
2016
2623
2367
1471
1932
740
1296
347
2223
787
2292
1038
1352
1522
1780
2224
1118
2148
925
2146
2036
1538
374
2840
948
1582
40
693
1683
920
2815
765
535
1381
1042
1050
2901
573
519
1827
2536
189
1599
1808
802
777
1277
2069
2626
1712
2593
2462
1606
2197
9
651
546
2434
492
262
2295
198
256
676
2481
115
2575
679
701
1507
1959
1949
332
2616
417
259
71
1281
1172
1090
1602
690
2403
1957
764
1321
1203
1343
1640
2510
1468
1686
91
2485
630
242
789
1412
2812
653
116
1929
1466
2226
1039
98
372
2875
1822
88
1115
796
722
2455
227
1970
1915
1956
64
2537
2836
124
1809
861
2585
1770
2387
2195
1360
2438
1946
177
58
2190
27
445
2078
101
1345
403
1838
1026
2320
2652
931
173
2196
67
2206
496
2444
2708
1493
2797
138
475
1312
1875
816
2808
373
2841
2218
1568
770
76
808
186
2494
160
2018
1010
2332
2692
1592
2881
974
2500
448
62
2273
636
130
1867
1787
254
1774
1093
1218
2637
1223
2579
2762
2778
1526
316
1305
516
1552
987
2479
1369
1064
2008
369
1051
1034
1376
1880
1206
1570
2158
2507
1804
1961
1117
1557
1105
323
2278
1361
927
2496
559
1081
1783
1040
2505
296
2566
1960
1911
1797
2286
302
2296
209
1856
2130
1416
2081
781
2556
2910
188
422
1430
486
1991
2754
1089
2757
525
2690
992
1177
317
1018
2265
2822
881
29
1565
2072
985
2847
280
2378
175
2501
1153
1041
713
432
1830
579
2004
1845
337
149
2027
2156
1896
370
1945
728
1049
1525
1983
2086
1292
2261
73
2495
484
664
82
884
2182
341
1485
2752
849
921
605
144
162
2514
1574
1184
2099
446
2325
1736
821
2062
2384
772
1356
2844
2039
2790
1649
2843
977
1433
1530
2083
2000
1979
1346
1082
236
541
2759
922
165
461
2167
1240
2491
611
1702
1587
1304
1607
799
2225
2053
1696
1740
230
1387
1294
338
1282
2385
778
2033
572
968
1399
838
270
2793
2764
478
1731
510
378
444
2452
2345
2266
1917
1483
2470
2046
2170
1002
2305
2024
1289
1824
648
901
1219
2669
1088
2447
2399
2259
36
1840
1405
1262
1815
1849
414
1883
2576
867
2446
2577
1462
584
753
2318
2657
1447
265
1685
1046
895
944
2768
164
2573
2097
39
549
211
2254
2270
450
503
244
2188
131
92
1733
906
1420
988
1175
1359
1677
2442
2895
1286
2802
1508
824
1601
689
2506
2486
1732
1598
1078
174
2193
2428
2889
1006
1394
1185
2406
1442
1616
1395
1200
457
908
1532
1250
1146
342
2089
1755
2781
2140
2718
521
1580
2056
2422
1297
356
1211
2865
2435
404
1380
1129
1183
2248
2012
1159
1283
2214
1646
1124
1473
2549
979
2216
2191
1724
2594
380
2607
508
1741
531
1130
1107
1699
1317
2877
1033
474
592
1916
1583
1752
1498
1252
1720
2334
43
2228
1555
2880
961
2363
1299
1802
1495
697
1595
437
806
1689
818
540
385
677
2080
1872
352
452
2639
2631
2482
1778
1623
2698
1569
1748
1233
104
2131
2245
2208
1617
2415
439
375
1619
759
1491
2311
1024
581
1703
848
171
1865
1659
190
1543
2237
2676
1828
2814
1066
2789
2665
2554
2451
279
2810
2141
330
954
1627
1820
1682
251
359
2681
2227
965
2571
1688
2323
2800
2103
79
2164
873
21
1265
996
2725
103
1866
77
754
1939
2680
2356
1882
1099
2443
714
2529
1767
1255
672
2596
2898
1187
1509
2005
1950
2719
726
1058
762
783
1791
1414
2638
2548
2543
1425
1936
1654
730
156
2684
833
2849
1315
514
2738
497
1045
346
277
1075
1097
483
1577
344
1126
68
775
348
527
1644
207
1707
2671
1857
924
59
735
1833
2876
1661
2798
1464
217
1340
877
893
1207
2900
2439
2509
2
1061
929
2586
396
2185
742
2025
1854
1986
1067
903
2105
1695
871
2238
702
2538
2393
293
526
1989
797
1893
1014
56
1963
2468
1044
561
1987
2066
153
1151
2054
2180
2381
1843
2032
2051
711
680
1383
197
1597
1379
870
12
2376
1811
1853
1691
1603
1727
1190
2114
17
1614
2595
223
2322
1705
2622
1632
166
2138
2203
1400
2128
2869
2082
228
2560
2120
1806
2517
2424
555
466
912
1337
2155
1302
1638
2421
562
2177
2315
2774
1449
1562
2079
1268
1013
956
2667
1371
1624
325
2256
1971
585
1499
2466
2602
2049
2153
1180
2557
745
1626
1108
670
137
790
712
1789
2709
547
609
1852
529
261
2686
2307
1722
