285
1432
2118
749
2574
211
585
1555
316
779
2204
2184
593
226
373
1187
2516
1558
1609
2252
1521
2817
143
696
97
2584
2550
199
1868
2172
428
10
2511
1625
604
185
1536
2882
2453
344
2855
80
1003
1820
1076
808
1455
518
946
1284
365
762
1717
1360
893
1244
2730
540
508
869
150
1349
2064
1965
1877
24
2298
2065
2378
1143
1737
1390
1802
2402
900
2811
1119
1781
1741
1091
1186
1909
2496
1451
390
2888
2034
628
1173
2552
1198
61
1282
1602
18
2400
837
577
2022
2745
1926
45
671
1171
1020
1345
1203
1217
1382
838
429
2559
970
2685
2361
786
1975
1391
2682
284
395
405
2666
1285
1099
2779
2492
1520
2780
1176
810
1794
1113
2738
747
1873
829
2861
863
2025
1437
1952
800
73
1445
85
1402
611
1918
160
1495
2363
2370
1004
1309
2633
59
1316
1956
367
814
2218
2465
2241
655
1876
1514
1937
665
2744
1182
1804
764
2190
1901
1760
536
2353
617
1009
198
101
1470
926
1752
1764
2019
1033
30
2661
1331
1832
2470
1022
264
931
1997
2268
2023
1589
1968
1223
2147
1627
1098
2739
1498
1685
1524
1348
1147
2772
706
456
499
2782
1728
1550
1542
1827
2757
64
1110
1665
972
2515
606
776
1473
485
1777
1221
2090
2297
1278
2155
1297
39
2421
1649
345
1061
608
2759
2423
1830
1317
2257
937
938
2039
1370
112
979
2433
1554
1097
272
521
2125
443
2537
821
1821
2695
105
1074
1127
377
158
2615
435
2647
545
621
1274
1503
2808
505
1369
1418
2078
2660
21
1104
2677
289
2458
2809
1828
2177
486
2437
1156
950
1126
1942
507
1742
300
2587
645
122
449
2167
1138
612
1021
426
648
467
237
2140
1871
1890
43
688
668
1758
834
870
1661
1925
2514
2216
991
2069
836
454
465
8
650
2239
457
184
1116
2133
565
2354
2872
409
1606
2384
1798
2885
2074
1817
1713
9
1640
2439
1066
513
1275
2359
2877
1917
2692
710
2876
1990
824
1304
2797
90
25
1253
1450
1730
866
2248
469
2618
1293
739
1191
941
422
1738
1444
126
1121
205
1427
855
2369
878
216
730
666
2894
1593
1380
1618
953
1151
630
1848
1030
138
2663
1771
629
2335
448
528
2796
2825
2752
334
1585
1062
734
1259
2641
2053
2833
2672
463
383
2680
267
327
752
1299
2292
1276
1262
1746
831
861
1838
186
1642
888
1163
2163
290
908
1072
1773
2247
2862
876
2099
1192
1239
872
349
132
2314
554
1734
31
2201
1861
51
1120
1031
2578
1016
1232
1415
87
614
1963
529
1014
2684
2071
853
1915
2322
259
755
2240
2102
71
805
172
1341
825
123
1326
2523
1484
146
2366
2735
889
63
2879
76
2545
2325
2715
2658
1237
548
2228
358
315
2805
218
1675
1671
989
1831
624
2368
183
860
519
34
477
4
298
491
446
2853
1657
1856
684
2106
1697
763
2522
2594
2703
2719
927
12
379
898
1501
2328
1944
1757
496
2823
1759
555
1210
683
1035
1621
384
1141
210
57
209
2435
1791
283
1046
1139
2375
310
501
2555
1601
1381
253
2210
1660
478
2540
15
1414
2787
647
1756
564
2581
1559
2724
676
180
1088
1194
1440
1254
1378
546
2854
445
636
274
2383
1547
2313
1571
951
2098
1065
2565
700
1775
1049
2734
2475
2507
2408
2403
2320
461
2859
2165
386
1886
2442
2573
2704
2091
332
2456
2215
590
313
1731
1887
493
616
94
2415
915
984
2312
1779
1889
86
1786
2723
1054
2884
1025
2380
2430
1235
2842
1921
2136
830
1897
2426
556
1086
828
406
1548
689
2107
1396
2775
277
1264
2850
1818
2445
2134
1442
1561
622
2785
728
2875
372
161
1392
2088
516
1739
2736
591
725
2246
819
2652
147
1250
139
2871
842
2004
1172
1862
813
2664
1160
2502
772
680
983
1358
796
2315
2356
1576
1829
22
2189
1949
433
807
124
120
450
2037
1225
2269
2732
255
1017
2832
2347
330
1751
1892
1095
1996
173
625
1714
780
2280
976
2399
2729
1765
2060
618
1635
2351
871
1706
1743
2115
48
2358
1148
2606
2837
695
537
885
2819
971
239
827
20
1410
1999
969
598
1351
453
1356
2771
2142
2024
2506
535
1361
963
96
130
1397
3
724
1652
646
605
37
2305
2089
2654
397
1179
826
2520
2279
583
1368
1888
1478
2265
93
658
2174
89
539
883
1696
718
2478
2561
1785
2187
1620
420
1409
2577
2655
2592
2880
2845
1904
767
2687
357
686
2272
547
1911
2418
1537
641
1058
2827
678
2207
305
2737
2009
2878
1071
1466
920
2503
1672
1344
2623
168
1687
1604
2688
2124
1619
2226
1603
2021
2857
1522
1673
597
570
1079
2250
729
2394
581
1644
731
2225
811
515
2086
802
2338
411
2570
1869
1772
231
275
1822
2807
2751
2042
2326
2047
2553
108
1175
401
1355
1234
770
2096
1330
497
2300
2447
896
656
1951
723
98
907
919
1090
1386
2564
2149
816
909
2874
321
2440
102
2865
1118
1979
1441
88
2798
1429
1612
1453
571
2627
2159
845
149
2869
29
220
2230
2769
672
916
1379
1854
1712
1885
2221
2331
791
2082
1567
2701
1135
1183
2543
733
1526
1988
2093
2883
2482
355
1811
761
2460
541
421
1213
1007
1056
2373
142
2526
1047
2774
472
156
592
1632
2275
2659
798
797
212
137
1117
2893
1801
278
2457
2789
1468
165
2868
2200
2749
2441
708
1084
1718
523
2310
932
692
1162
2282
2337
81
638
1607
2002
2232
1346
1766
1333
651
2379
1365
1481
1443
1400
1227
2168
1793
2707
2409
787
2829
52
302
1073
1425
1701
362
2596
1922
2381
892
2290
534
1983
2077
2127
1748
2585
1385
2371
2451
1053
2653
148
1596
2591
2211
1745
596
973
2028
847
945
867
1218
464
1669
2340
2501
1898
1753
2806
2203
958
557
964
1792
1200
2571
2531
2668
2544
114
201
382
1795
561
2109
1907
167
1199
408
1844
1966
1721
1879
1486
1961
1912
1454
2886
2212
965
2075
2693
1629
947
2801
1588
894
1137
1312
2434
793
1154
533
2045
2726
46
1851
269
66
301
914
2864
440
1089
225
207
1962
1230
2094
2839
1955
2773
987
2476
2410
659
2709
1108
1564
99
925
1692
1504
1761
1028
2569
2567
1233
1373
2303
223
1277
2461
444
2450
503
2420
1496
609
667
219
579
1435
1265
2761
1711
1103
1042
2799
2566
2263
1258
1403
2455
1843
1125
2367
312
1780
2643
177
1500
1946
343
580
2851
1068
381
418
2444
1205
2454
595
380
83
1788
2612
1823
340
2148
2385
1202
2518
703
1651
1078
1092
563
1246
2541
40
1991
1132
2764
170
2202
1051
2003
363
394
1789
2425
2254
850
1782
432
1260
2146
2699
2483
1837
375
2459
482
1841
2824
13
1158
2586
2603
2406
2293
84
1546
1350
760
2066
2362
1778
311
1280
1426
1375
2468
351
2317
1188
128
1776
2244
1069
2689
1662
1081
1201
709
153
1404
49
1750
538
1490
1611
2057
2662
110
2838
1015
436
1839
1044
163
1630
2233
1763
292
1810
1502
492
2030
944
527
1647
241
2830
1900
1639
2262
1736
1938
2678
1338
2171
2497
2863
1018
632
2835
1539
1985
1494
1303
2251
2059
1510
2327
1812
2646
1164
2557
1364
1384
2858
2532
2754
1518
1308
1914
1796
615
1626
1115
1693
522
930
164
1354
1943
799
2357
1204
192
1189
376
1613
912
430
455
2321
1075
2157
371
438
1678
572
610
1700
2576
2390
854
820
1720
68
2690
2826
1329
2401
1870
1305
1029
2673
2122
1208
1935
476
1707
2267
653
2700
2525
2530
1322
2397
276
1819
1809
948
1680
109
1872
261
42
2227
437
783
1689
514
1800
2162
2629
1708
1735
864
2151
994
1313
924
2411
2245
2562
387
2614
326
1570
208
1723
412
2790
1146
1290
2080
2285
1406
552
1306
398
1974
879
2005
203
1881
1584
2084
1623
2504
1328
2600
757
339
713
2601
2766
1866
2186
361
2183
661
1339
1508
2304
235
366
479
439
2490
1930
1614
1279
2179
1569
1430
2686
843
322
206
2333
1768
2104
140
2705
1878
1987
41
2407
848
2097
1857
840
1691
318
714
670
862
1077
996
268
589
2616
2054
2479
1875
1703
1343
1220
532
1686
1710
2625
55
2620
119
2679
236
517
2256
1387
323
194
304
2105
314
1374
303
2237
1575
2436
1040
865
510
244
1487
942
325
1529
2295
2816
378
1916
1082
2281
1168
1928
2051
92
2063
1582
1853
2494
2669
2469
2
1261
917
1616
2220
2276
1659
1353
985
115
1301
1565
2670
2849
1477
660
1243
490
1420
2852
488
2339
874
1497
2466
1149
785
2747
742
251
1615
1493
1067
1622
530
2274
247
2657
754
1005
1334
1157
2185
1371
704
1335
117
562
895
1446
234
144
2631
1206
2582
2306
1123
53
222
1653
1910
2264
1634
466
196
391
2114
1479
559
2793
230
1884
2634
2197
125
1525
1177
1650
2206
1314
1321
111
2464
511
2238
1155
2048
1849
1136
1241
2018
1534
1105
1393
2795
806
841
200
1608
544
781
1215
745
2609
2365
294
2489
1624
2755
1112
1093
1586
1268
480
2512
1026
1648
1383
1767
1482
634
782
719
1605
856
2119
936
2266
359
887
2032
635
1458
1408
961
2471
2628
2145
2589
1252
674
141
2542
58
586
1530
2760
1579
1967
2500
778
410
2182
2595
1903
1732
473
873
293
512
2249
2419
1655
1516
2474
603
1469
1628
1193
1032
27
1953
2046
252
2382
2014
2870
151
981
2191
677
1863
254
1511
1178
1407
2101
1019
935
159
2498
2278
1599
1724
1549
2711
1755
1449
204
338
619
506
1059
364
400
2429
2307
675
475
2604
504
1960
897
955
287
152
169
1572
2271
2563
2770
922
2895
2031
266
990
2733
2318
1577
2393
698
2568
489
