1631
3044
5298
4137
1610
2340
5877
712
2778
4786
3116
82
5612
137
5762
1698
3609
2486
1612
4861
4156
2013
5090
3799
2537
6142
4903
2372
5526
1066
5876
3975
2495
2001
3758
531
3439
1775
5854
1455
575
3467
2909
1076
3
5627
1676
505
2500
2893
4474
751
5283
500
1971
3300
2456
5706
180
5622
3914
5486
1265
1979
2972
103
2908
956
2934
1745
3698
5903
3971
309
1819
111
213
5350
1421
996
5225
5365
2058
5647
2287
1304
1354
461
4200
114
794
937
4
2549
5099
4635
3305
566
533
1428
1298
2449
2672
5203
1450
5614
4411
5285
4432
1137
3010
1905
35
999
5372
1052
4254
3101
5213
713
4616
4945
2022
3998
2203
1190
6057
1074
2349
5864
1596
544
4948
1695
580
1895
75
5473
5606
4848
5339
402
5569
1363
1149
5621
3947
4412
4533
2438
2769
1453
5555
377
706
2776
4885
5837
1293
5521
5294
504
773
2942
5058
3962
4690
196
5652
666
5144
1223
6081
1758
4758
2783
4710
1016
2127
4161
2061
2874
2718
2612
2190
1934
392
5862
1860
3938
4664
1863
3291
526
2726
4721
628
218
5170
923
4498
1108
4960
5504
2223
4562
4865
1258
5008
1850
3742
2695
1566
572
584
5811
5824
399
5472
3558
2209
3034
4735
3522
3019
209
2731
3413
2637
3359
56
1992
4060
1243
624
5715
1654
4959
1702
1322
2230
1793
1134
598
1405
2597
5481
1938
2473
459
4728
3159
8
5893
406
5882
271
3542
1890
3484
4193
4477
3713
4072
977
3441
2906
1340
2107
4224
1751
5492
423
2967
1036
4272
5963
6054
1392
3706
3184
3674
5162
1717
1740
3541
257
4543
5847
3269
925
55
3857
1955
4034
2411
5135
3538
2962
1882
3636
3115
1144
1449
2607
3632
5782
4680
4705
4995
4671
4415
4014
2288
4115
3702
1651
4871
2995
4632
731
3046
3002
1528
2255
5511
2330
6138
5815
5109
395
1278
922
2664
641
781
1157
2792
6053
6065
2276
607
1616
5712
3455
3406
2045
4458
1681
3208
1025
1825
5764
583
102
5716
2719
1113
4122
3529
4383
2113
4595
5419
4857
5654
4919
1650
6117
895
5525
4687
496
487
726
1254
1481
4253
1747
4524
1429
746
2643
2890
6049
2122
4044
752
5182
165
2513
838
4233
787
4807
3608
2912
2563
4021
2117
2443
2348
4028
4285
5462
3486
1459
4446
1861
5335
4911
2396
1787
23
5683
5459
3246
5772
5023
3897
5311
4627
2694
70
1605
64
3445
2853
390
3223
6073
5841
3294
2216
5572
3651
2794
5361
5060
5861
4492
110
4954
5808
3236
5562
1569
5200
1124
5588
146
1404
2332
34
3045
2289
4032
139
3977
5146
5317
4615
6022
2855
631
595
5196
493
1053
1047
2650
5484
235
1283
4535
3513
4983
454
954
5483
3892
1844
1109
2017
4895
5856
1338
314
317
2791
1451
3823
5965
4320
655
2922
5668
3574
2101
5700
2818
4296
1080
5962
4544
388
1156
4886
1343
308
3679
3465
4574
4322
2279
4239
5322
4823
1808
1667
3676
5324
1060
1670
1482
605
3655
3624
4840
3147
5449
3322
1346
408
5535
1994
4052
3601
3520
2832
6035
3414
6077
1465
5813
565
1649
3972
4560
2606
1666
455
5554
813
4359
3137
1782
3097
1975
4478
3320
67
1362
4769
2080
5018
1078
3295
4757
640
2833
2199
1154
5046
172
4301
5959
5303
1261
3112
236
1779
1402
507
1869
856
248
5737
3014
1352
3372
1995
5670
4810
503
1057
108
3745
420
936
5619
579
2494
6031
967
3423
3410
3436
312
2157
4237
2463
5384
4410
6095
4816
2673
438
3018
1967
4358
288
4103
5733
2089
346
3118
5927
3958
636
1186
181
569
4653
1935
5110
3909
3562
868
3886
3450
1972
5874
250
2177
4586
2391
73
2433
3284
1478
6136
3911
4098
2959
323
6088
1235
5438
538
2109
4375
4771
1212
5649
984
2671
1390
5158
3509
2038
2885
2149
258
4190
5457
5517
2837
134
5189
4943
2150
906
10
1988
590
2933
349
1656
5188
3859
2016
4204
2402
3644
4183
1437
822
3765
780
1703
2947
4511
705
2707
840
1012
2497
112
1980
5753
2787
6078
62
21
1416
1313
5704
1152
5206
5074
4907
1573
2680
5990
113
2721
672
2196
3140
4069
5358
3570
2067
2380
4380
3308
4371
5616
4413
1586
1518
4267
68
1723
2318
4601
3497
597
847
671
4987
5842
3224
6063
4293
2310
1527
2728
3700
3198
1942
2367
1595
905
3604
224
4829
5268
3401
3979
4483
606
1878
1380
6066
5405
4138
2070
4048
2528
2208
1170
3944
52
6132
5634
842
4570
5812
4787
5730
3904
6124
1003
3773
2237
4445
3902
6143
5460
2834
2201
4573
776
4745
2830
3516
2002
1792
6005
5282
4839
4767
2943
6043
3494
5073
3726
3970
1582
2872
4401
563
1297
1597
2649
1040
694
3392
433
3192
2827
1476
4194
3774
5029
4845
4080
3750
3882
230
3029
170
120
2628
786
2663
3557
594
3278
3677
4472
2704
5114
3290
1834
3844
5932
5401
5838
1629
3170
2648
5273
5547
3391
2250
857
3907
3623
2066
5429
3260
4248
5852
2417
1541
1991
1203
4382
2286
5201
207
1600
3241
2357
6051
2810
3079
3969
2564
2928
4893
3617
1531
3770
4692
1026
4430
3243
4712
4384
4362
5563
1069
4986
4715
5533
1240
2725
5291
5053
1127
2488
5636
5187
2361
4149
1558
5646
3288
4016
2756
188
3869
206
957
4576
3551
3110
33
1303
2392
519
591
133
1773
3990
2658
198
2868
1655
222
4023
1923
3524
363
4473
2747
3650
2561
287
1897
5045
1139
1537
1638
2368
2904
1903
2160
5971
5172
4180
2459
81
1062
5945
1260
2308
3982
4355
6123
4858
4283
3165
2535
5286
660
4760
1180
2742
4312
4646
2257
4732
1065
4819
6125
4071
4902
3169
1691
232
1048
2300
702
647
326
2646
1103
3409
2820
2091
3701
4037
2009
4626
3927
6071
839
5279
2355
3361
819
3379
1668
5380
958
259
3895
128
4659
3586
3218
1075
3189
1259
1018
78
2419
6128
443
5433
125
901
5264
783
6007
4717
3811
6000
887
1158
4188
1532
2162
1925
691
440
2472
2252
5855
5043
4658
4711
884
5561
3771
2923
4290
6011
4129
5590
3209
1462
2844
2181
827
5726
389
5277
6010
3086
223
1130
4809
3222
476
1780
3149
1387
4459
5745
2421
1175
115
429
3183
2999
5944
2983
3924
1998
448
5444
5381
4537
3216
4510
1471
171
4740
5787
404
4093
4485
5227
582
2234
1209
970
5400
5501
3620
2527
4131
2898
4525
3818
2636
1642
3193
4529
3418
5094
1765
2272
6129
1123
5789
5502
4552
5880
1584
5452
6003
3057
3173
2362
1092
2414
1281
2993
6096
4924
4860
1008
1469
2079
1238
3368
626
5546
1789
5783
4581
983
1946
2229
711
4408
4815
5687
5830
2854
1360
4516
3985
2634
5660
2925
4930
4817
2805
3519
2301
3556
2261
2490
1085
1529
5033
2743
5363
5775
2873
5091
2595
5596
4024
3404
1997
3089
5859
3096
4232
1460
736
5620
5604
932
27
1096
5346
4077
3253
581
2789
3813
4112
5776
2444
1768
205
396
1884
5558
3008
4095
5939
4160
5328
1326
418
3788
3932
5302
3400
14
3743
1577
5306
5500
1943
3779
176
6016
5416
1833
4108
4789
1731
3289
6037
2352
4507
708
244
4059
5985
5548
4629
4824
963
5253
3789
2187
3176
3463
4602
729
2384
2897
657
5014
5379
1928
357
215
1829
2963
2423
1084
353
5898
400
2626
1841
1396
1722
5570
546
5428
4172
5461
2901
4111
1257
1906
3828
2299
4565
2700
2916
2007
5035
2508
2512
5251
3380
97
5323
5312
4377
4420
989
4186
4620
2030
405
1836
4332
2228
873
4567
3634
512
4448
1936
156
4263
5226
2111
1166
1
5624
2025
1064
4166
4113
2426
5278
568
2984
4628
1822
304
2455
1824
5087
3928
2604
4070
1431
2755
1697
4621
4127
1409
5447
430
938
2557
4512
692
2729
302
3517
3016
1864
1930
3861
3030
5318
1099
2128
2529
4282
1708
3744
5648
1636
851
4898
2865
5223
1174
3910
94
478
1621
375
907
204
4693
3583
874
4716
2902
4894
4260
890
858
1810
509
3167
924
189
6002
2583
3687
5103
2708
1699
3385
5368
465
2249
4385
5751
3831
1766
3621
5632
4585
1242
4264
1305
3795
1776
5749
2377
4374
689
5075
656
1737
4633
4398
3693
6112
3891
678
4974
4227
1658
4938
1312
4288
909
4536
5747
242
1173
3761
3347
1575
5288
4220
71
2333
3809
997
1090
267
5778
4800
4388
463
860
79
3068
5131
638
1164
3128
1909
2231
4222
6074
2814
4092
3337
2935
879
5991
3872
3615
5397
3102
3918
1070
4208
4772
990
3003
3326
2815
4035
4778
1367
3862
1364
4872
978
1208
4686
2501
30
4538
2593
1191
625
358
2938
3705
2146
777
2415
5690
4920
2406
2509
527
1015
3134
2262
621
5714
4951
2292
5542
5373
4487
5720
4349
5077
945
4352
3649
2911
1034
3270
532
3613
1087
2587
1088
3505
5800
147
3431
1690
5860
926
5030
5333
4146
947
5975
2919
1038
738
5693
5349
3843
4274
6145
96
245
4837
3611
3440
1660
4709
2565
1245
2264
3142
3298
896
613
3098
6041
1839
1534
5825
4191
3512
4397
1562
2083
3767
2771
5532
3887
1574
4559
5731
3502
1457
5741
3360
1005
2245
1030
3459
77
283
754
1023
2864
330
1366
4333
4550
2468
1705
4202
179
2692
4063
382
4723
2130
4826
6025
2773
2405
6102
5829
1290
696
5503
3444
3764
742
2915
549
3922
5591
6036
5581
1576
1324
645
5239
4935
5506
4175
5755
2317
4414
1262
3365
2048
3342
3906
4707
1251
5084
5853
964
3061
2870
540
3992
3156
1920
1357
4323
1129
2142
2068
3319
5580
3973
1866
1215
3715
6070
862
1479
1684
4804
6050
1774
5080
3080
141
4185
254
2711
3309
3307
5467
3817
2866
2028
6084
2335
265
3988
900
4336
4158
154
4329
886
221
3683
3210
676
3196
4833
4198
5111
3737
3931
3824
1408
2312
2337
1630
1348
3802
264
6106
3136
1063
3177
542
4235
1770
4795
4102
5988
6039
1045
5692
1256
3893
4055
4988
4462
4964
2491
2478
2483
1102
1441
3612
4869
5954
872
5263
5374
2309
5190
2988
1509
5915
4026
814
3067
1115
1887
1198
915
4107
1519
4855
2660
4493
2032
4428
864
2553
4868
1941
2887
4660
2076
4257
681
2518
1959
2246
4097
537
3125
877
5244
3616
2569
3039
2819
4242
2183
2305
2311
4416
2482
2119
4891
902
717
3925
5440
944
3920
4453
3568
3596
2256
3548
4931
3603
2736
3040
1753
4452
4019
5152
2835
3311
4417
4761
769
5250
2436
2991
2572
1299
109
4357
3293
3155
4231
5233
3753
4394
1475
2647
722
13
1633
1643
4178
208
1873
2602
620
85
2093
3215
4539
1444
5544
5950
1226
217
5266
3703
560
5519
1678
3358
6111
2298
5412
5823
3842
1059
5926
1104
2848
334
739
5977
6087
3340
1051
2046
2746
5848
2568
2437
42
1742
1932
5908
5141
4575
680
2976
1949
5184
5538
3589
5160
4764
5567
5292
2364
1749
5879
3185
3234
5929
1344
3695
5159
2112
1767
2341
1495
5497
4722
4542
1815
3244
1552
3628
3584
3850
118
452
65
4806
971
5727
3537
3124
3345
4489
4221
1620
1035
4407
5613
4830
5150
1875
5040
5553
5794
4882
1609
2619
4665
1728
3328
4822
2948
2253
5426
5766
917
6135
4754
1315
5455
5402
3757
2052
4192
5849
1704
4698
3435
4153
1632
3349
1986
2598
4797
425
1184
2435
4682
1193
5936
5669
60
4901
4521
3712
2082
2042
3150
3141
3881
3652
4763
328
1962
2081
2147
4896
2448
1020
2608
269
585
5315
4532
5912
5042
3879
5342
5441
759
1159
5217
2487
2684
587
3638
4318
1474
2895
2536
3699
4549
836
3691
1800
2258
5921
5034
1077
1230
394
2489
5296
763
521
3157
4579
1317
5480
2394
5313
5061
4130
3267
281
2247
4675
4803
5153
5602
442
1924
1126
3065
3275
4143
3633
1868
2749
2541
2425
494
53
3237
2266
4439
4640
1556
4001
4850
5630
2861
2712
262
197
1162
4577
727
2360
2404
44
1680
2427
4805
764
2801
4294
976
547
1424
88
4281
3792
5246
3472
1093
1356
1734
4568
3469
4887
435
1011
5464
3315
4820
2808
4013
6104
1351
1874
4876
5395
2941
2507
5376
3321
573
4703
3532
1578
26
1606
4942
4207
3647
2244
3153
4275
1592
2926
1625
2259
5513
3646
3135
867
1072
4972
1120
3829
5696
1599
410
541
1372
384
4956
2395
501
4022
4838
2545
4471
3442
1176
4066
1397
4766
5949
1248
3451
4363
1977
5913
428
2236
4899
4977
47
6090
1876
1285
3900
1517
4491
5872
4304
5957
167
3489
2441
1004
3739
5919
2084
4319
2393
5527
4284
2313
1640
2168
5355
2609
3461
1500
2188
5272
2239
4164
3602
4298
1266
2343
2939
1407
5093
4731
3180
3582
3464
1652
3853
5403
1741
4932
340
2760
4776
1071
1805
1856
4957
1330
4944
2806
4610
5354
5259
683
1693
4874
5976
5732
5734
934
1870
513
1639
2306
303
871
391
4039
1981
6064
1912
753
933
5032
2316
3950
3327
1213
2033
3063
5297
4622
1094
6127
1996
5356
4043
5983
2267
2786
4187
965
3531
4212
6133
369
6042
2937
4611
3207
4540
3211
4649
1321
5911
4142
4002
2517
2838
4307
4004
5771
1546
6089
3154
502
3536
3595
5122
5844
2571
3357
5113
3232
2454
2596
698
4449
5752
3898
145
4079
5479
4642
2633
1727
1236
98
1275
1953
1308
4812
5427
5387
3660
4939
5000
3952
1446
3332
1374
4598
1347
192
4781
93
5218
249
1112
987
5241
4941
5995
2892
3387
450
3204
4084
6061
2206
1791
1147
5961
817
1331
87
650
2706
3815
4775
1764
3425
2975
1443
2498
374
4031
36
3625
1388
517
5728
5987
1746
1273
186
200
2668
2170
3848
5193
4792
1961
529
1871
5710
2601
4534
436
1274
2452
1490
3783
4875
4794
561
3427
2371
4546
2914
1852
5432
3428
203
5661
1219
2812
2546
1877
4090
4854
1381
2131
4811
1002
324
5067
5992
2996
1858
1086
251
686
866
498
3987
3760
885
4592
2709
4461
2118
5351
2073
1738
3433
1027
2682
4435
3600
3430
2143
2039
980
5005
2477
3214
290
1821
3884
4442
285
3254
2373
3105
875
4801
4836
2532
5098
2185
1826
682
3036
1128
1659
484
241
4765
2738
789
411
5797
1160
403
2875
1840
1423
4950
5232
4087
5123
2354
3245
3871
331
4252
5468
4012
609
610
3769
5601
1969
795
6139
2000
4206
95
728
1433
3443
3453
903
3863
1954
2905
2927
2277
654
679
5261
4455
1044
1439
4798
6109
1200
5366
3255
4669
3642
5658
1316
5435
5212
356
981
2141
1241
3160
2439
911
5036
1571
4025
2884
4638
988
6121
4949
5117
3343
4436
2977
6105
4354
256
5417
4751
5205
3692
2466
3964
1145
1794
5010
1049
1247
3163
5125
4736
2735
1635
362
2345
255
3094
2424
3398
2165
3768
1042
5638
5659
5002
735
801
4372
2420
4000
5589
12
5436
2442
757
460
3235
2907
426
5568
4580
2049
3238
5592
3213
4136
3681
1309
2019
1911
5281
815
4176
5154
3527
3171
1452
536
4437
4347
4150
263
5941
2516
4547
3313
1784
5409
2620
1603
4243
1029
3075
651
1250
1525
149
2409
4623
3875
740
5871
5582
3492
1327
5746
677
126
5524
1486
2555
5684
4678
5560
539
6094
4619
1832
4603
3452
4276
5495
1786
828
1349
1334
2581
6
5934
3304
246
4813
1608
237
5404
4749
5025
3915
2008
1585
4133
5793
4403
5482
5933
100
2681
5022
1581
1456
4773
4522
4695
5186
1168
3978
5132
2788
574
148
3129
3015
2243
2043
2189
4334
2822
4966
5249
4234
833
297
3775
2319
3339
2689
664
1007
3143
2204
2799
2675
2359
2023
4614
2484
3798
3334
5340
2665
59
2525
6044
633
661
4849
1522
4553
5695
4517
2186
5378
948
1488
1466
4467
202
4418
2515
1499
39
2896
1985
5120
4393
2077
4340
473
550
818
2034
46
4123
466
1217
6118
1760
557
327
161
2577
673
3248
2291
3166
1772
4134
99
2617
829
5922
5413
4082
1117
4500
4181
3919
1376
893
975
4519
2625
5216
3984
2350
3888
5550
3573
5280
1415
3553
3024
2824
5663
2685
1618
4655
2981
1827
3949
4905
741
1811
1111
3082
3905
1615
3999
497
5681
2811
371
4681
5454
4270
3069
3867
1718
5095
2785
1033
2321
4042
3282
6079
3883
1689
1515
45
6029
1613
3804
4523
969
4292
3341
5127
3838
2558
4337
5573
5827
3197
3690
6091
2882
152
3555
2375
1673
704
6059
1879
779
5672
467
5688
1310
54
3263
2095
4073
4779
3274
4395
2296
6028
1419
3880
2445
3251
2430
91
2153
3354
2944
2802
3471
1966
5129
2686
1725
220
4663
4747
3686
617
5644
1229
2024
5972
1790
1014
5986
2582
3722
5653
1726
3262
1105
43
2592
3421
336
910
1679
332
2492
5594
2701
653
3062
2218
5059
784
1641
2900
1899
733
387
4196
3388
3639
1081
1422
3619
1163
2104
4165
4140
2667
3567
5423
1358
2754
3640
278
3785
553
2678
2263
2148
4791
843
1426
4908
4297
2088
809
578
5721
227
979
2843
4545
577
5209
5822
2440
2378
2641
413
5231
5760
4702
4504
4531
5456
1817
1952
4030
4946
1389
3749
3868
2471
3383
5740
3377
3074
4155
3257
3384
1611
2307
3449
3422
434
5641
1311
4780
5474
2979
3585
4325
1133
3001
2540
3549
488
5541
5662
3144
3740
3796
853
806
5167
5883
3635
4169
3426
4831
5833
2114
5493
5202
5930
348
2506
1253
6052
3736
2614
1771
5702
270
368
1098
995
5645
1661
768
3181
1735
3873
5083
2344
5485
5039
2385
22
4557
3120
5803
3331
4796
3708
2072
966
3877
1653
5677
916
5509
3561
5289
659
486
150
319
3399
3942
2232
2621
2212
3825
4883
2222
5657
720
2120
4219
799
5626
1719
5284
4923
804
4718
4514
1908
812
233
3876
4508
4596
2550
2015
2600
1614
1231
4018
2816
4075
2108
1990
6082
5904
4648
3525
5037
292
3106
5914
5510
3670
4844
5699
5925
2074
5207
5750
2194
4139
5539
1341
3041
2302
1329
1095
138
5960
2888
3043
737
2653
4734
982
5529
898
1375
4892
3805
2325
2638
5946
601
1335
4965
5211
5571
2434
3865
3826
3335
3622
3834
1567
1987
5076
4654
3627
4506
4010
5177
1314
24
775
3158
5543
1683
2590
2382
5743
231
5115
3995
266
2005
4770
5309
2200
4046
3194
3261
4870
920
2254
1279
1854
261
1359
1196
2273
3747
5629
1288
5256
354
3989
5779
3784
5021
2220
2992
4897
2432
3894
1885
4993
4370
4604
1282
5442
3626
5198
4631
849
5229
9
2158
3941
4928
3424
4991
5748
74
3521
6045
117
4634
2751
3088
3550
1778
522
5331
4279
5756
5055
4591
3890
3376
2599
2841
1302
4918
359
1032
3346
1204
5307
5545
4074
5631
4317
1342
4971
38
3394
4326
1296
352
5878
1831
3569
1896
3081
2691
2496
4068
4083
2461
3991
1984
4518
6018
294
5809
1706
4100
1547
889
1353
1393
166
960
3483
3571
618
1061
2055
2974
2010
3661
6040
883
5918
2514
3031
2960
4339
5204
5982
5049
2780
4607
3457
335
5026
1220
4639
268
2863
745
4390
1555
5234
1249
6060
3323
4434
2519
845
5514
1177
3462
5806
1122
2930
1214
3997
2998
4605
6017
4873
3654
4147
1622
5814
5498
370
1619
2698
2807
3725
3364
5585
648
863
1948
2242
3523
5884
3028
284
1904
3099
4481
1847
2214
1721
1560
511
2538
3653
4733
3151
4656
4338
543
4727
3731
1814
3072
1167
2524
2151
2365
4992
2179
5698
5896
3662
3959
1361
5320
744
289
2324
793
4744
2322
928
61
2717
760
2041
3858
5605
3033
4450
5840
959
4278
5371
3563
861
820
415
796
4309
3732
940
5128
5165
2115
2225
1769
2766
6068
3059
3474
4828
4856
3806
4476
1692
1267
1143
5163
3228
4590
2389
1989
5310
1700
4056
5819
991
5994
2366
2657
4470
5595
444
1748
6122
4788
5891
4379
2952
5219
4589
252
3071
908
419
397
1530
3607
5044
183
1888
4785
2982
5528
1677
2386
2103
1549
2503
2533
3566
5071
2932
3896
555
3473
3370
2268
1171
5116
962
2573
3500
5140
4405
5220
5017
3050
1222
482
2105
2522
1813
2920
4171
1526
480
57
5406
4479
4677
3847
3202
5576
2174
5818
5391
5791
4152
5551
2856
6048
1206
386
378
18
2989
1862
5909
800
1161
3729
1900
4929
523
3476
3201
993
1121
3188
1370
1246
1759
1886
973
5522
3265
2544
904
3983
1116
1414
3820
3671
76
2014
1570
2274
2697
4287
5655
5603
2397
296
5332
5639
365
5011
5665
439
1082
3787
1010
4076
998
5057
1468
5388
4608
298
1657
1435
2280
5262
5410
1489
2987
593
3515
1294
2383
2390
950
5224
2408
2379
602
5240
612
3363
5124
5470
63
841
5164
2056
5556
483
1252
122
2994
1233
5222
2269
803
4625
4879
313
1801
5759
4922
5370
6033
2458
1079
941
2134
3974
5796
2702
3058
5574
3077
5723
253
2891
1485
2670
1202
4940
2640
2880
4739
4495
3148
5475
1756
485
1427
2627
5886
4148
4348
1604
1550
5584
4555
972
2862
3017
4053
1225
5477
3078
1286
5007
5757
2946
4447
4526
130
3901
4217
3195
3781
4647
1910
5415
1803
4041
3447
3955
2980
3791
2734
4841
766
2531
4866
3231
3755
5487
1563
2761
1491
1806
1812
3264
2353
4360
714
72
4497
629
3837
5917
5586
4299
2851
3528
5334
1588
5618
2714
1434
3460
5866
187
3552
2323
5881
4714
104
311
3663
5667
5784
2213
1983
3778
2645
481
6032
1960
1022
1913
2191
4425
1516
616
135
5050
2476
5290
5821
2899
721
4047
2493
4947
3353
4154
4644
1645
5843
3790
3485
3091
5319
3913
2240
3714
105
5770
3648
1947
826
2690
3694
5536
2217
1413
5768
1709
2003
2724
4652
576
5248
5742
282
4566
5942
3362
2674
5650
2233
5705
322
4753
4503
1031
5143
4230
5316
4583
376
5245
5552
6047
2462
4700
1131
5142
1647
4086
4250
2539
1644
4396
4365
1135
5656
4790
3721
4708
5839
5081
3402
1328
3832
4345
1216
338
4834
2182
5065
3786
5507
3397
669
2752
5643
4245
3405
2499
4752
5974
3027
5540
649
3840
351
5887
5344
534
6030
2521
7
5295
1857
3350
1830
668
4335
3468
4683
1893
1881
4889
373
3268
1400
5325
20
3565
3070
471
1999
2985
4050
931
630
2765
3754
1944
4852
2629
559
2275
129
4904
5518
788
2069
1538
3965
5047
5064
4015
5105
4300
4697
300
5052
3111
701
2059
5420
3659
3930
4443
4694
3064
2284
2768
2167
2800
5956
5175
4530
3598
2063
3841
2096
447
1828
5703
3055
2026
1907
1707
2784
3247
5407
3554
3961
337
4558
3656
4197
5516
3490
5101
5179
693
2964
4361
2693
5802
2155
2388
882
4998
6075
6107
3066
4900
2910
1507
4685
4835
4864
4994
4125
4216
4961
6092
3252
3856
2849
2510
1750
3544
2520
1557
2542
2154
5168
1068
1701
1403
3581
4494
3109
699
1892
5788
4774
5450
5422
41
3854
3283
3657
5597
5383
1627
277
4588
5845
4916
5176
3127
3130
3860
3885
3415
4564
1978
5439
837
1097
894
3535
6055
5027
4311
3936
2132
556
2534
675
3482
5006
2356
106
4005
5001
2102
3073
756
4730
2961
2878
518
4906
5149
3187
2100
4104
3724
6120
2447
5774
6099
5754
4431
2207
1513
29
5534
3233
1548
5260
2913
2745
3963
2226
3629
690
824
4662
1146
4984
943
2876
4999
1732
5147
3782
2346
5719
5801
2248
4636
5393
2374
2450
1355
4593
1473
1436
3250
472
5192
4645
4040
5369
6116
3816
2659
2858
6086
127
2062
6144
2334
1716
307
4978
1187
2475
1165
4691
5491
4990
2347
3680
767
891
1492
5178
1395
4121
1028
5805
888
2733
3478
341
4105
4251
3200
2823
2035
1185
1178
4921
684
5463
939
3899
1662
1169
5156
3273
4676
4440
4672
2173
707
3303
3412
2176
5952
4081
3830
3138
5448
1712
2037
791
4313
2971
1901
4438
2781
3351
1781
5348
6140
5257
3545
3352
5707
5151
850
2502
4422
5744
4062
424
5451
144
1536
5258
3191
854
994
456
5443
3133
4670
1221
492
2552
2950
5169
5678
1207
1301
3488
2260
5009
2241
4704
5031
919
1921
5430
2446
2846
4917
3092
355
2661
3378
2192
719
5640
5816
1914
1406
499
4189
1950
234
811
3539
5928
5955
637
3336
1922
1542
4017
643
5718
5689
604
5276
1634
1956
5900
3719
5735
5523
5100
6108
2021
2480
611
5870
475
3664
2282
216
663
3139
1477
3560
3355
1646
4280
2271
4331
5708
5360
1902
2474
462
3103
2580
4289
2918
2929
1867
3852
4679
2370
119
6001
6115
3053
3316
3933
3704
6076
1565
4847
3741
3733
4315
2129
1237
3821
3669
37
2739
1494
5512
1255
5577
2050
5765
869
4782
3678
3994
5673
1420
5947
4205
3599
5145
4295
3590
4271
2227
414
5958
3258
3178
3416
1589
5637
3367
3164
2329
5155
5465
4128
1607
2965
4827
5341
4667
4657
2376
3499
385
710
3948
